3524
4631
914
2623
430
1059
1563
1496
1247
2152
1726
2554
1499
988
3048
1474
3630
650
1110
4330
4184
930
2217
3308
3574
1937
2142
1628
1038
3782
4811
4196
2914
4046
2125
3688
2565
763
4742
1872
2167
4161
3560
732
602
40
450
1385
4501
1447
1323
4005
449
1586
1166
2465
435
3229
3638
4796
3362
2472
4126
1331
3967
2174
819
1374
4856
1914
1299
787
3748
2614
2107
4105
667
721
4487
1120
679
1164
3370
3980
595
4895
3175
4271
4754
2605
3756
4647
860
1492
653
115
4103
1703
1410
2844
1296
3570
2697
4012
3610
1364
200
4695
548
2287
3059
676
853
4812
3268
2806
994
4590
1456
4513
2832
2638
1354
1933
2311
4043
4740
1784
3214
1614
1306
2600
2401
896
72
3481
1205
1867
2979
1450
76
2457
4039
2841
2756
4733
1144
3690
4694
2974
2537
3057
842
346
2136
3759
2892
837
562
905
131
986
4169
4250
1507
223
1407
897
1261
2880
434
2973
4228
4574
4824
1106
4277
3783
2362
3724
506
2849
1017
968
3994
2964
1564
4802
3991
4978
739
97
2512
3971
596
1208
3078
414
1451
555
1977
4663
3251
1782
1330
4158
4434
2960
2959
2963
4785
572
2026
4703
4985
2754
1326
2838
2108
4278
345
2014
2643
3942
3446
3118
1254
318
3725
2378
60
4489
1167
1716
96
4110
220
349
567
2651
3601
3235
1677
820
2847
392
3705
4836
4684
2998
2439
3969
1435
3332
1662
3146
3150
645
1619
4306
2165
62
1581
2766
2589
1996
186
4177
3974
4616
4462
3421
3121
1368
724
2451
1898
4988
2691
2572
2309
1072
644
3390
3034
1414
1458
3128
125
1298
1721
4389
4342
4575
538
2035
1040
3377
4403
1618
3183
3706
3662
2943
1098
3775
4144
320
2338
2383
4139
2040
3277
3472
2132
1798
3663
1702
2139
3979
263
3527
2591
3957
2764
4189
984
3429
563
3130
4946
2912
2138
4968
2265
2954
1286
857
2262
688
238
2748
462
2871
637
2406
1809
1682
2882
4568
4194
503
812
1131
1925
4736
2102
3755
2488
3085
4191
161
3111
3075
3947
4770
3197
872
252
2568
2788
1300
2072
3836
3926
1102
1159
2620
3563
581
1701
493
113
851
3760
2207
4933
638
3700
3750
2448
551
5010
4955
4097
3447
80
439
2419
487
4098
1956
2750
2482
372
3194
963
48
2630
1197
2734
34
3465
2353
4724
4612
1478
599
2423
1531
2185
3281
1697
2266
1221
2257
2969
2932
4883
1367
863
4121
4119
2977
4405
703
3247
1206
1907
1305
4975
2114
4828
3297
1649
4993
510
3712
1815
5009
1908
1909
757
526
1964
2710
3182
104
2534
2976
1552
2270
4259
3136
4741
2018
4869
3652
1501
361
165
4893
3397
166
1506
341
1284
3961
2894
3744
1998
468
4671
2169
4019
1117
964
621
2840
4674
2717
3567
4409
1503
2631
2503
2344
117
1813
1461
3963
3132
242
4461
4794
2200
2768
4304
920
350
1289
3651
2714
1269
2612
2817
2942
4230
879
2984
1966
495
1575
3361
839
997
850
1858
2668
3685
3285
888
3453
1125
3356
2561
1777
4598
1027
3215
607
1582
4585
2527
4470
789
1940
2082
4453
4478
2896
1529
1945
2416
4135
1959
1600
1438
2335
3205
2307
4141
4800
1911
659
2518
3842
1622
4125
3764
211
3719
2077
3137
2088
4971
3927
4070
2381
32
582
4383
2585
722
4562
952
1665
4664
3954
4952
4787
2517
3573
3508
1225
4693
923
4251
1497
1741
4929
611
1287
4938
4025
2323
693
752
2814
2288
3228
2722
4696
4155
3394
3055
4628
3454
2726
1680
4376
3062
3517
2706
59
326
2243
2524
3606
1070
3129
436
3174
2205
110
2923
801
1347
2224
3038
3039
2662
1145
3619
1152
2890
1444
3234
2901
187
3287
1719
1064
4044
4166
2833
3518
4116
3505
502
4840
3316
887
2753
4547
347
2244
390
1233
2579
407
3848
1432
1041
356
1173
4518
3438
4091
3091
1175
1540
3787
4534
3931
4904
2946
3616
4935
3448
635
3829
3694
3631
917
1333
4725
4906
2141
682
4642
1127
2987
4517
756
3408
3710
3540
3167
4232
4944
2241
1694
133
4410
344
4067
3350
3037
1647
3943
4432
2277
283
2086
4279
958
3810
3165
1217
3590
4776
2997
2582
3309
3635
1314
4309
4408
4444
3325
670
4639
2895
1791
2009
4000
4127
1266
4960
1523
68
2363
2478
4799
23
3245
4485
632
4242
3082
3820
1801
2150
601
4951
3877
2724
1790
37
406
4863
3386
1161
135
1713
3411
293
1428
4219
1919
967
4861
4071
2807
2365
3953
716
4270
3917
2873
4093
1138
2397
2940
713
1718
1068
4881
2212
162
2729
4224
4354
723
1288
3042
2237
4419
1042
1605
3031
2247
2202
4973
4276
4170
2989
4579
1994
3675
2060
1836
504
4561
2506
89
3275
1241
4180
4822
1148
1802
4959
2596
1092
98
3071
4474
762
4515
3007
4362
4412
1676
1406
586
3474
3593
559
2193
2916
4759
4764
3162
2874
3586
877
1804
218
1073
3068
825
3548
3581
3432
141
3115
624
3790
1198
3246
395
4842
523
4957
281
4920
1229
701
2333
4637
4008
4255
4068
3388
2619
3330
4406
3864
2005
4468
4065
1657
10
4655
2508
5006
1132
330
2822
446
1370
4054
835
1997
3852
2628
1982
2791
1536
4312
4372
673
910
4195
1071
965
1143
2598
219
5005
4537
2006
996
3084
1454
4937
310
658
4987
1267
620
424
353
258
4589
4072
2160
3503
1212
1759
4650
2415
3484
3603
362
3859
4795
2034
3720
3822
3655
4524
176
2654
2741
3480
1696
58
1768
3789
2555
654
1185
325
2505
4475
1624
1391
539
4390
272
2607
3633
2809
2079
1475
3298
3403
1796
4557
1847
2446
174
4244
1895
2897
2500
3562
4544
1372
1297
3314
443
3475
1983
1283
4421
4689
4632
3096
1641
4896
623
2354
4211
1141
574
4700
4875
1136
998
947
1571
675
4911
795
301
1418
606
2289
4240
4178
575
2670
4275
1194
4323
3295
1946
3814
3525
4880
3218
3019
4143
1545
1346
2821
4577
2539
4186
4392
3354
2126
1926
4332
935
1190
3006
3173
1789
4927
2319
388
4237
3928
3375
2752
709
3589
1137
501
2467
2078
2046
2194
2469
1236
4347
70
1576
3419
4142
4878
902
4497
1111
1915
4805
324
1668
1793
3340
4209
2653
4154
4215
3732
2793
868
1825
2689
29
1783
4471
2256
1775
668
84
1472
2647
3190
1671
775
2712
957
3458
2427
1608
3684
387
4873
380
1087
2699
1388
4621
4337
517
3230
4398
425
4045
1177
1056
1829
2947
2019
557
3063
966
2403
1704
2971
1830
3693
1900
4890
1517
4076
1821
1670
3867
4109
2564
615
2475
4752
3557
4102
391
585
4351
3467
4469
3598
262
4781
2418
4683
1912
427
1381
960
1538
1561
1730
3449
4974
2085
4003
1095
2485
4416
126
1250
2884
4029
418
3074
1974
798
4286
2225
3185
1362
3646
3636
1495
4245
4657
3242
1174
1309
3569
1520
2483
4454
2179
2303
1722
2278
41
2192
5007
26
1843
4914
4377
1822
244
2221
865
3515
2477
766
4099
4439
2384
3656
470
4844
3578
708
472
2431
1399
2824
2660
452
4331
2936
4567
3492
3946
3094
4533
949
2907
3815
2495
1948
3409
565
2586
1079
1195
1587
3415
1609
193
3738
4819
982
3795
1629
1755
2340
4136
429
4622
612
4846
4258
1349
370
4500
2254
1394
53
4692
3672
2173
30
558
1156
1535
827
772
2711
2442
2300
373
1799
1766
20
4653
1806
4281
494
4407
2866
3846
1727
3856
2161
4743
4641
4079
264
1332
1812
547
3538
706
1046
2373
3306
1124
3703
1572
1146
2962
3045
3033
150
3184
990
3262
898
1738
47
1918
1881
4393
177
2858
3381
3286
4879
321
24
2926
3224
1183
3211
3099
1646
1808
2412
719
2574
2227
2667
535
3318
2168
1663
3406
3995
2553
3879
742
471
4525
4871
1264
4263
2038
4606
2095
1443
3997
2808
1852
2286
4549
4157
4554
4477
4197
1462
289
1482
744
4969
1744
1594
4757
2588
215
522
2222
783
1154
2151
2375
1304
57
2402
3468
316
203
1337
214
3208
157
1107
3872
3575
2044
317
3512
2492
4885
790
4962
1871
3355
1655
245
2661
4854
90
3422
2899
4907
3878
3216
843
3303
955
3622
3455
1000
2011
1779
4716
1078
743
4746
1382
231
4442
28
777
3101
4566
4866
3900
122
4373
2366
3272
454
1857
833
2810
206
530
2098
3385
2313
1011
2279
1633
366
440
2608
4868
378
2682
2164
4087
4145
3742
3612
3714
1109
4761
1890
4823
4891
671
4311
1279
1688
4954
1325
3886
2417
4652
1228
383
4122
1096
1875
3595
51
1931
2931
3889
3157
375
4272
1750
4565
3244
1957
4301
3645
2853
139
2805
1180
4931
681
3826
3012
2507
2091
2328
1365
2029
1934
951
4458
357
4298
4816
733
3701
3692
3833
3066
4847
4514
878
2017
4750
1827
1963
2070
2100
2715
4539
417
402
1693
2073
1488
2455
3151
3733
254
4843
168
1384
3808
2928
107
971
1889
4192
3832
3021
4425
2848
108
3827
2326
524
492
1238
2526
3109
1366
1317
1413
4540
2731
2460
2189
25
1756
4153
4077
1342
1373
925
2149
1063
3925
3549
3001
1720
979
516
1460
426
3509
2637
3389
4633
2529
2765
3265
3798
975
4984
1417
1243
2201
2886
4905
4977
3317
1770
3119
1985
1318
1510
1976
408
4976
2992
1033
873
382
3293
2920
2739
2071
3141
2372
3895
2635
4004
2031
142
1616
903
2110
3168
1642
1182
1191
976
2434
3874
134
196
3809
1211
1968
4665
4704
2049
1893
4620
1176
1312
1
1636
4229
4813
3545
273
1257
3843
1355
224
4488
1216
3577
4807
309
1153
3624
101
1151
529
4384
1986
2255
1149
225
1729
4765
3735
2392
1547
2909
2870
3713
3479
4876
1280
1728
511
3866
3768
641
5001
2917
2854
527
2941
4505
306
956
895
3073
2491
4990
3324
2137
4117
2625
1157
4651
4603
695
954
886
4369
412
1134
3792
2573
311
1800
4193
3647
970
519
202
2121
768
2394
3686
4649
794
2310
2698
4480
3552
3200
3875
4288
1415
1003
3989
584
3594
52
1666
3172
4508
497
698
4932
1615
587
3568
1566
195
934
4138
931
4225
1277
942
594
4638
1550
4346
132
342
3025
2864
4238
2685
149
2688
2906
3196
1656
1353
2413
4256
1012
4316
4239
3476
1465
4783
1210
2081
2062
3106
205
3715
4882
3402
2129
3654
2385
1521
3924
2549
2875
4839
1888
348
2985
3327
3365
4945
1214
2231
3637
729
31
5004
3134
1967
259
4675
371
507
953
2728
304
3180
1577
1652
3225
2828
4538
3478
3695
4643
3998
1669
3831
275
1526
3431
4424
2678
1675
3222
4300
1476
4028
3659
3749
4318
146
55
4541
1009
465
1135
4862
566
1839
4399
3791
3456
308
943
2504
2789
1291
332
201
4040
2869
3366
802
5
1864
995
229
3533
4772
2839
3962
3746
2386
4658
4055
2050
1100
4151
2123
2429
4287
1103
188
3148
2216
1928
154
2051
4713
3126
2156
4551
331
2113
4775
1200
1837
2166
1560
4998
3973
2315
3270
4728
2464
4094
4269
2180
2474
1772
4455
4285
4738
1932
2645
648
4448
3395
3348
597
3968
918
2433
3379
1387
2191
1035
826
3437
3461
1389
3252
1231
1390
4964
1874
1339
1924
2551
2119
4578
2592
2188
1230
4939
4428
2616
4588
845
1128
2002
3897
2580
3793
2127
4619
2968
1602
4717
760
3519
2175
1369
3966
3599
1268
916
4834
4264
369
4950
2358
2929
3259
222
1271
3907
4542
3585
1360
178
3253
261
204
1303
4815
1034
4248
3333
1001
2382
3999
4936
3022
3978
1554
3955
3839
4313
4252
2593
4175
639
1509
940
962
3359
2649
484
4788
291
817
661
4685
1685
3679
4303
4115
1650
3862
3423
3104
884
3471
3561
1336
2773
4380
1453
2047
3384
4430
593
3485
1913
1518
4254
1565
1028
4841
1491
384
912
2145
156
533
2531
3933
3553
4550
3135
859
4624
163
2509
2115
3041
2239
3239
4814
3551
4991
299
1882
3579
830
1845
1123
2999
907
2116
3072
4777
4400
448
1401
2020
2481
1831
3378
1961
2855
3087
631
726
354
4720
3604
1122
4032
3258
1340
2233
823
2420
4463
3420
2347
284
4829
4433
3342
428
22
4437
2865
2818
3413
4499
1706
2937
1400
1588
702
410
3328
4850
786
2719
3916
2351
3433
4555
2610
3992
4735
2356
692
1057
1002
3212
4203
3996
3536
3698
3618
2878
102
927
3204
4253
2981
1113
1987
1630
2898
2911
4413
4730
87
1290
627
906
3752
2538
1973
3778
74
4583
3865
509
2567
3788
2727
2516
4797
458
1763
297
1884
553
3850
4942
3607
2701
4924
901
1862
1604
3147
1838
3410
164
2209
876
274
4472
486
4494
4902
4963
377
2208
1899
1773
2430
190
1338
1590
1343
2802
834
3936
1868
3986
4635
514
3909
4129
3061
1709
2282
2842
2128
505
3899
1699
3817
3181
49
4493
79
2131
684
913
4604
3771
73
2342
4792
2993
1419
4719
1748
270
432
1745
2725
890
814
2290
5002
525
2067
2094
118
543
1585
3632
1734
3615
1162
2743
3313
2815
1612
4294
640
2090
1816
4333
3944
2975
4218
2925
2758
1203
521
4521
4558
1691
4592
3090
2068
838
3376
338
3555
3043
4388
3206
2479
75
467
1471
4666
3441
737
2360
3273
109
2530
4771
2603
1632
144
2025
2299
3571
3819
3331
2502
2595
2830
3107
806
3305
531
251
3532
3336
1258
1014
1118
4734
2389
3702
2330
4371
3323
4889
750
2490
643
669
3965
2294
399
1969
2669
3964
431
100
651
1929
508
3691
3881
2001
617
1894
3639
2349
2562
4088
2348
999
855
3816
2751
2497
3699
1865
3156
3629
663
3949
1917
4711
3069
1493
2454
3937
3149
3844
71
3186
4731
3291
690
2408
1441
2893
1050
42
3506
4187
1731
1420
3179
1237
2336
4817
4467
3300
2105
4867
3621
4779
2584
1425
1359
1380
3526
1584
939
2601
257
2980
4926
1350
3634
3913
3280
3908
2368
655
625
1020
3028
4894
829
4176
1163
4701
1484
4629
457
4344
2172
4483
2130
3981
2226
2879
4821
4069
4123
2615
2629
4576
4107
3018
1824
2122
4768
2441
4356
989
4492
2903
3470
1562
1778
1379
1049
4699
1427
461
715
4748
3207
4992
12
799
549
2606
4865
4009
3642
2275
2939
300
3015
3918
2153
1404
4958
4423
1463
1224
4221
1742
2887
3223
3743
2918
4519
788
1328
972
3322
911
3940
2513
3093
4654
4014
1522
3830
1514
2064
2012
2337
1066
4970
4897
862
1187
3176
351
3
4358
4146
3255
2144
3343
1088
4718
4659
3528
4552
3660
67
181
3837
3602
266
846
4506
2523
5003
4345
832
2823
335
4599
2679
4134
3597
2690
1259
2550
2321
3016
3296
3757
1007
2435
1319
3650
4688
2285
1620
696
854
592
591
303
169
3187
1393
2845
4786
2720
1904
4466
334
2746
3882
3430
2945
1274
3368
1751
3231
1866
4899
4668
2570
4007
1826
1408
3425
554
1457
2318
2991
1593
1892
4673
3950
1504
666
1226
2232
3371
3097
3271
915
662
3027
1896
1797
1780
3077
4013
4656
2952
3250
2577
3934
1607
3870
1039
3600
1473
3459
180
4670
2891
4996
2770
3335
1302
1999
3195
2827
2213
1423
1116
411
13
2147
4780
2272
4586
4877
4676
3364
824
1126
3873
3696
773
2684
2196
3112
3614
3357
1275
277
1170
1863
1954
2087
808
2184
3414
3466
2795
891
3452
736
2846
3613
2447
3399
4669
1769
4476
3543
2655
4925
4156
755
2599
4268
4511
3689
4395
2782
4910
2250
99
1219
4035
2021
805
705
1869
1377
1689
4835
2831
1591
445
2938
4042
1955
3854
376
3722
4064
4900
2096
3912
871
4363
2961
1681
27
4073
3177
2436
1091
3623
3311
1260
2317
4325
3785
4273
228
121
4706
4753
489
2329
483
2609
278
649
3670
1252
4898
295
4074
1737
128
2112
1971
2069
3812
4845
4336
3596
4085
909
1105
4101
499
2396
1494
1553
2355
2796
1752
2133
3535
4231
3666
2039
88
1860
3906
738
4015
1045
513
1776
4050
286
3910
3155
4982
3531
77
1870
1487
2737
4601
4884
280
2146
656
2597
4903
243
1489
2560
1439
1467
2528
4793
1322
1842
401
4199
2411
4445
4618
2686
1395
4999
2575
1579
2042
2675
2862
4152
1081
717
2306
3219
4763
2292
2487
3766
1613
2263
1172
4782
4212
2757
1736
3392
4714
4806
1714
1412
2410
143
3765
2664
3052
2536
1021
3393
1052
4564
1246
4710
4415
3736
1787
1179
2594
2883
959
3339
697
2339
4324
3013
114
2829
1832
3445
847
3469
4930
2776
2740
3975
2566
4063
3592
2602
4769
2276
3876
155
171
1469
1446
1505
1679
961
3845
3847
3773
1348
3233
276
1006
2624
2617
463
1276
4112
4204
512
2626
634
2284
2988
1848
2851
1891
1556
556
1626
1032
2820
3893
3572
4386
730
4002
4366
3203
3802
2704
2158
1992
4755
1074
3026
2462
1978
3628
1255
4340
3227
2738
2650
4888
785
3193
3583
4172
4532
944
2220
207
2646
302
3288
3547
4864
3537
564
4934
4361
3049
4374
987
4872
2376
1019
1282
1570
2955
3495
2053
2876
2972
1486
1403
455
2343
217
2696
2252
4645
704
4507
4915
2346
1568
56
2498
1958
4921
4859
2182
735
4627
4909
248
298
496
1653
3534
2157
315
2271
3880
1856
731
4830
3123
409
2803
337
3369
867
438
2230
2190
1762
3740
2229
4062
3498
285
3520
610
2859
1295
38
185
4919
2111
2835
1574
4623
2520
2210
3587
1031
4838
4084
1527
3608
2915
779
1598
1943
3683
3970
2052
3501
136
4227
4436
532
3861
534
2559
4302
3477
15
3404
1181
3892
652
4375
3904
2794
3315
1803
233
2203
3004
636
1093
3284
1029
1133
3680
3858
1511
3841
4314
2425
158
4837
1684
2703
2813
883
3887
751
2281
1155
2990
803
3283
358
3761
469
1965
4051
2819
1005
2259
2652
2421
1315
1433
2672
250
4610
3131
3643
2291
123
3011
1477
1165
2453
4947
1897
1048
1658
784
2407
4697
2556
3781
4082
4200
1559
818
3813
1672
2908
1761
441
3035
3320
2581
4617
4756
2388
1989
983
2057
1603
3122
1951
4162
4594
569
8
1058
3504
2267
3828
2657
2578
4698
397
540
1022
3299
2204
822
1687
1171
4031
1013
3345
3617
4546
1846
1758
116
580
4283
1285
3657
1920
2440
3896
4451
4041
498
1840
980
2444
4644
2681
1036
4078
1818
1683
672
3915
3741
2176
4089
2003
491
4798
3067
2075
740
1916
4940
4691
2312
2772
4712
236
3664
3529
4832
3329
2885
4614
4017
1922
1953
1746
727
1213
691
885
1938
1184
294
2759
4690
405
444
2404
590
4520
664
1664
1811
2546
926
1725
3154
2350
3649
1218
4609
2522
3460
3807
460
2680
16
3730
981
2611
3488
103
2970
3800
4831
1371
2187
929
4922
588
1659
4708
2106
328
2673
3482
3341
2994
2473
2563
1732
4321
4329
1625
2967
4061
3171
94
3929
1910
598
35
3166
1623
4801
3201
3731
4572
2747
1991
3902
950
3763
1409
1199
2215
1270
700
1076
3923
3491
2769
2054
112
1823
561
2181
2240
255
1357
4038
4531
2521
3240
1901
4848
480
1008
3718
2837
3754
2083
4852
173
1686
1202
2966
1930
3310
2445
1301
4608
1402
4047
4394
2283
4327
4206
312
3625
2552
4825
4972
4956
2800
437
2541
1717
1810
3747
4584
4634
520
3029
85
2493
4853
4167
4928
1445
608
1356
1627
969
1984
1853
1533
3983
2544
4447
4223
197
2708
106
2775
3358
3349
3487
3678
4580
880
3510
1597
1711
3891
2542
3102
3952
1223
2786
4732
3159
4317
3709
2889
451
1416
1771
2246
4602
3669
809
4137
4414
4808
1207
1398
1227
3256
1708
2811
488
2622
473
3984
2043
707
3198
2693
3321
381
2409
2171
4282
1405
1431
2604
3753
2613
1047
1437
4678
3127
3032
490
403
5008
3558
4341
4833
1880
4522
3014
945
1886
4573
1850
3344
3264
4509
3398
4133
1440
2022
628
3674
2718
2545
3276
4290
4789
4804
3292
3169
1329
105
4181
3053
61
2900
2499
2061
3142
1678
2293
774
1516
4036
147
3682
2395
3304
360
4147
4912
4326
2076
2134
1710
796
2332
1546
124
765
2777
413
4113
4168
3728
800
1743
550
359
33
4556
339
4379
4274
4460
1558
1061
4849
323
2888
2801
2867
3758
2065
1757
2982
1097
4315
2644
856
1513
869
2902
734
3818
2450
2547
2154
4322
140
810
746
642
1844
2008
129
2466
844
3161
3546
2843
3677
782
2877
1234
3803
1470
1795
4257
4560
1115
4727
268
2868
2080
2781
921
1921
4527
973
537
45
216
3823
4334
1760
2159
3009
4961
870
2183
2965
3113
541
3834
2632
2730
4892
5000
466
1358
4266
3723
4080
459
4367
3745
3993
3935
1617
1084
4563
4198
4438
292
4679
4965
3988
1490
4967
991
1140
1188
1635
1108
1316
4295
4548
3855
2767
1786
2933
813
2957
618
4523
2261
3502
343
657
3124
237
2033
1592
3110
4995
4381
3307
4308
1232
4457
2124
771
2904
748
2371
4150
3178
573
4026
4289
686
296
1661
1436
1569
282
2405
3081
2621
3108
4441
1468
2432
3424
4484
2023
3138
232
2325
3681
579
4320
4246
4966
4348
875
725
6
1168
1939
2934
3767
307
2986
336
4530
4874
1644
4450
227
3232
54
3338
2148
848
2199
985
1785
604
3704
43
240
811
1962
19
1542
3840
2927
3373
1876
182
4908
4108
792
2269
4916
1281
1534
2774
4449
2676
3494
3648
3653
660
1344
249
340
1637
776
2422
1551
4260
3257
2316
3521
192
4749
2024
1733
4790
1383
3164
3777
2532
4059
1361
4210
1062
230
1044
2557
4018
544
3120
3290
2510
3513
4128
619
4479
119
4190
2461
1949
2780
1101
3401
932
2414
1753
4402
1947
922
4096
1712
4222
1835
3050
1307
2331
3930
3941
2576
1601
3888
4827
4502
3644
1654
394
630
95
3418
3857
2771
4159
1698
1010
477
82
4751
1833
3266
4989
3776
4297
1519
1902
3080
4188
3047
3353
4496
1500
1341
948
1442
2540
605
3811
4418
4715
2949
4236
3044
1764
894
3428
2234
3237
4338
2863
2016
3566
3092
374
1278
3416
4350
329
2092
4130
4391
3580
1053
2374
3770
3960
4370
500
1082
2525
759
1792
4820
3591
64
4011
3835
1077
3372
2274
4397
1660
2790
4791
2059
1376
2709
4131
1396
433
213
2834
3885
2084
137
4048
747
1774
2030
3711
1310
600
456
130
4994
3451
1121
3627
1480
4339
4917
479
2391
2398
4020
4429
936
4495
2463
194
1452
892
3030
2687
1037
3473
3658
4382
4739
2658
2983
1335
363
1528
2219
1834
1204
1051
1643
4319
3188
81
3779
1321
4165
4784
2248
267
3076
828
2048
3784
3426
1525
327
2953
861
2736
745
2249
4744
4626
2055
767
39
4486
2659
1979
2683
3209
1879
3036
2437
4213
2826
4640
1970
2519
1178
4307
2305
3269
189
793
3668
3289
1363
288
3405
4296
2944
2456
1065
4057
1320
4682
2951
515
4923
1334
4095
3440
4417
542
4745
3337
677
1861
447
3114
0
3853
4422
1235
1993
2170
583
1455
1952
1429
1905
1086
889
3797
4022
2639
614
4528
4980
1599
1169
2004
3871
18
1555
2476
4981
849
4335
1375
571
1189
3221
1485
2218
3412
3213
4490
4593
3565
1160
2913
3838
3079
1055
2162
3564
770
2881
3707
4182
1249
3641
1935
3559
933
1906
3191
4010
4667
4291
239
993
1610
2135
50
1090
2558
2956
2036
322
2352
2921
2178
3898
578
4083
576
1781
4100
3360
4075
841
1807
3463
2013
4262
694
4023
4646
2745
1150
2101
1941
4021
3450
4058
1265
2656
1567
4235
279
3267
821
1193
4226
4284
1483
1464
3958
1083
398
536
3762
2948
1639
2037
2784
2723
4491
3238
2097
2359
400
2705
977
1621
2663
482
858
2634
478
151
4941
4404
269
3786
3417
379
475
2327
3346
1887
4536
4729
3046
4722
1192
874
689
3241
4481
1851
92
3972
2636
2273
2761
389
2143
4033
938
2369
4597
3987
1397
1645
603
2671
2195
769
791
2648
2489
2935
4591
3554
1735
2755
2627
3243
4661
3380
153
3769
2760
3400
3676
209
3990
2304
2850
4569
2324
3801
2109
1392
160
1980
175
4220
4185
2471
1248
1557
1988
4368
622
159
1256
3249
314
1215
1814
3103
1067
2480
781
4006
1158
2763
3985
3772
946
3626
2104
2744
179
4997
2924
3260
415
2074
3010
1015
570
2618
2762
2700
609
978
2118
665
2364
3486
613
290
3443
3708
4986
2695
4660
319
2295
1532
4241
93
2007
65
1530
2089
764
1634
807
1724
4662
2099
4707
974
3086
2496
3550
3483
1923
4605
2665
2674
3667
4160
4473
3751
36
2511
3054
1990
3065
4124
4114
1715
3609
2713
3951
1099
3522
1573
3542
1294
3083
882
4243
2861
3254
1018
4858
4053
3383
1080
3278
3105
4293
4636
4357
864
4687
2045
778
234
1085
1023
4183
881
4948
1583
4305
2778
1537
4886
4851
46
1578
2642
2799
2223
11
212
2919
4234
2400
1995
4364
1147
1975
2253
2268
2103
2228
1690
2950
3189
1667
3002
3489
3687
4049
1828
4066
2779
2484
2836
2787
3530
919
3133
3374
4435
4543
2320
687
1273
4809
2922
3671
3100
3824
2377
2186
3017
3860
3729
4261
3849
4106
4132
4343
4677
265
2449
3726
3576
3806
4360
2379
4056
4171
4456
2548
1016
4459
2334
928
728
4249
1849
4587
4216
4953
4202
3977
1580
3673
4233
3640
3490
4979
367
4818
1611
4726
364
2235
253
4024
3799
3805
1094
4267
419
1767
3056
711
866
749
3665
1251
1434
1479
4280
170
44
4452
4173
4037
3116
2297
2735
191
4709
2852
4201
3279
4918
2666
1089
4778
210
683
1596
4427
4174
2587
528
2163
3040
1129
4870
4705
1541
678
4111
167
3932
4426
145
3914
2066
3282
3780
720
3976
3921
2308
3153
4292
2694
3236
4595
2494
3326
78
2298
1903
256
647
2238
396
3903
4387
3051
4060
712
485
4607
568
3070
3024
754
1723
3367
3170
3391
4680
4949
1512
699
3611
3089
4385
3620
4600
2345
4672
4625
3922
2702
3584
1944
3199
3825
1502
