7458
10161
8040
3366
11886
14136
15100
5834
10937
13977
12585
1454
4773
3528
4385
3438
5705
11176
19222
13175
8046
15479
6249
10810
19317
10914
3422
978
18896
18760
19172
1498
5598
10751
2559
13740
12944
6912
3975
15172
13683
6252
2146
7565
488
1201
13623
801
18958
3093
18822
12968
14778
15402
3557
1083
3400
12186
12166
17704
11753
4587
14918
11490
6620
778
17751
17257
8111
11859
11553
18688
19618
3678
18691
18112
12678
436
17730
16565
12031
6445
13130
8529
7752
12311
17515
4092
4067
10097
18675
389
8640
6791
1378
14616
11586
3874
15888
9266
19006
2484
18616
6263
5609
19582
16282
14611
8554
2467
6265
20050
15258
11526
396
9424
18071
11557
15661
10191
3781
15780
16016
12103
18965
5884
11052
7023
6759
11721
13313
5983
18622
9409
10877
14169
13855
10339
17802
11812
6969
13398
7862
13214
16601
12847
18861
2441
7492
19219
2813
13956
13073
14331
11826
5640
2487
16948
14114
7880
12504
17667
18135
14960
18007
1104
1762
18014
11099
8593
691
18539
8281
4980
8826
19186
479
15233
4622
17737
8945
14307
7269
2814
12579
20039
11462
15297
9888
6671
4859
12339
3971
9247
11122
4194
14461
16134
16022
3838
17505
17725
3115
8013
14988
9446
1675
13442
11037
19970
17616
4780
9650
12341
14352
246
14365
1603
725
10261
16831
19341
4480
9736
4295
6494
6253
3645
17749
8354
14325
6642
12651
18550
9167
7310
4394
18111
11579
7799
8442
17454
10516
1575
2566
8108
15040
9702
17046
10561
19593
9708
13182
6026
5603
1065
16367
1599
1261
7202
10317
10466
508
16818
14329
9734
12975
8268
2071
10305
17
13324
15425
3699
14520
4648
9869
7078
8827
11033
10247
19898
2482
7514
7254
4934
7073
2164
7700
5760
17755
11017
16494
8288
16126
19000
4368
9647
16163
6712
4696
18830
12458
3308
15326
14402
17997
14902
3291
10895
11638
9261
13900
9319
16874
894
1307
5129
1903
12792
17036
7463
8722
16534
10165
15386
7053
15330
10193
16449
4514
1002
15420
2536
16635
20012
18051
12687
7990
7541
8683
8721
13732
4090
8859
13906
1277
9800
8706
11521
9101
16963
17121
7353
9372
682
14825
15577
3669
15539
7988
19428
18643
17095
18641
17336
10185
15179
14439
16483
18480
17177
13864
3316
4017
12449
651
11403
14625
3177
19594
11740
7220
10319
1815
16096
10048
12867
18467
10673
11692
17489
9713
1111
17051
12209
14319
17447
11961
9046
12061
3099
2927
14666
20091
13099
3797
10839
3815
3524
11907
2635
16049
6528
11654
19446
15345
12727
1017
5070
2235
2889
14929
13223
1692
5627
7430
17099
20021
9774
13052
16219
16425
12187
14240
15495
12520
3986
15157
10796
12895
902
12217
8618
12123
6215
10823
2705
7059
2114
9298
1093
13039
3035
18466
4074
14602
6582
1618
15957
845
8444
16619
3905
5668
18204
3481
16033
11288
12982
17539
8961
3697
18607
2236
3119
9263
19135
433
4107
1704
16408
9738
14421
17649
5922
15059
18635
641
1983
17558
1774
16262
10649
19402
18148
11790
19234
12883
15403
8633
8952
6938
11877
10433
16757
1751
17777
16800
8892
12624
7002
13045
19616
18402
5139
10321
12204
12328
14877
11768
19632
4227
2127
10861
13590
3128
16041
14263
7865
16083
1924
6465
18574
9756
4881
11763
14819
18297
11518
12048
13558
5682
222
14230
17974
6596
4817
4426
4486
8070
6760
18243
15447
4986
4882
17460
19706
17687
10098
7347
14707
17491
17093
206
630
5970
14835
18473
5332
6768
17500
19563
5284
1426
18067
18952
6085
18702
5193
13342
16790
2045
13658
3957
6313
9317
11786
8203
2963
16500
3173
18986
3407
8670
13097
19192
8117
11126
11130
1066
15617
7997
17680
13811
9243
19350
15290
6830
7934
174
18836
11293
14028
10929
6039
18185
11439
6851
1984
19560
2645
3269
16253
13635
17420
1768
14168
9795
9466
7631
12871
3110
17556
895
15940
17694
9325
18139
14328
10935
1459
17128
485
8672
3345
1323
5106
14551
7964
15917
11103
123
14176
1087
9898
11697
786
1733
19715
11448
13640
16615
7371
13591
15636
8000
14427
6432
3977
12047
17533
5806
9611
18842
18080
15314
4375
13643
1178
7032
2855
16647
2430
12155
8752
13697
10204
2087
6585
8455
4876
9709
17929
498
13224
15108
7489
4119
4755
18478
7313
2892
16172
19167
10936
7863
18576
1696
14115
2604
12969
13424
16784
3694
16608
8746
14351
16364
11094
1851
18152
3321
288
19975
6825
5916
15652
10552
15815
8401
506
19376
2600
5038
410
18787
19220
19151
18116
16762
7236
19310
5605
13483
7712
9303
2475
289
6072
11933
8421
17936
1648
4591
8498
16328
18300
11567
17786
5931
15535
13578
3150
18816
7607
12315
5769
1892
5740
6233
7511
4467
14636
7370
7825
3191
18037
1977
2186
11154
17115
6383
7101
14212
9180
14965
15093
16902
594
2156
6323
4740
16191
9646
7813
8750
3098
11108
10312
5561
8283
2847
1921
1346
3931
9826
6644
20190
10030
2453
9849
47
15825
5064
15045
15606
10448
4812
16019
5541
427
19586
7831
17690
17061
11556
11875
8104
4574
4155
17792
19065
3055
13328
4027
11070
2923
15680
12211
3842
18621
121
9172
11821
10050
16324
3025
7832
740
15156
14406
8545
6838
19420
5462
8064
7155
17574
1451
14665
18917
13619
14117
7227
10875
4535
19261
9299
18404
7655
13209
10956
10291
6827
2016
9758
6045
6423
8936
4602
189
19057
19085
3503
13327
19926
18711
5569
11491
12164
1402
2197
9120
634
6035
15194
8137
8282
14923
860
10726
5222
15177
4428
13112
19169
2986
2525
18258
19035
15605
9564
10959
9350
10966
3386
3019
13263
19390
6550
17353
16127
3724
11014
13381
6105
10616
7677
16128
19129
9962
15657
16237
7413
2586
15998
19499
18877
8876
1167
10590
5008
6780
16882
4515
17596
15464
7668
6378
18327
3250
8228
8808
669
11973
2407
20076
17998
117
2486
15503
4950
10688
12436
7972
10269
11127
10910
3207
6911
4468
10684
10481
8627
7110
8781
12571
531
12836
10617
6928
11809
11993
12227
10911
11045
8506
9874
19990
19061
18767
3364
15612
9952
12859
18131
14810
640
18551
16029
788
2053
18029
1818
15381
2639
18094
15302
18814
12129
7879
18247
20123
5809
401
3970
17451
3985
14479
3320
11160
632
8139
16281
4374
3208
9890
7681
14189
14508
15275
18996
15781
16517
19547
3959
19368
19617
1108
1420
1598
15992
7336
6798
13940
15257
19515
7407
4218
19578
3580
18103
3582
5132
15006
14061
7410
10949
5927
18253
18639
15236
4912
17633
19633
9532
3179
17258
15422
18693
3346
14124
10239
7739
10096
11266
11492
4571
4887
18632
16411
5214
16316
19410
14259
13064
14055
3271
5333
11328
3325
12376
17428
19137
10565
1683
6025
1922
15448
5751
19028
7714
18568
10137
13445
14687
9381
16736
14289
6677
2583
1337
15175
15318
14314
14379
12444
13308
18886
677
20074
12175
361
10948
19780
9112
180
18292
12991
9554
3626
19896
11180
5111
19043
12567
4087
12507
2181
3121
8502
1964
14099
9679
12877
18302
5676
1444
16858
2434
2493
9577
13017
1811
1792
15154
17350
5413
10057
5600
17927
17682
15985
14366
4013
12273
1767
19645
19127
1154
5993
2311
2676
7498
6848
5282
16354
14823
1184
13466
16417
20022
14849
9835
10100
5006
19353
11934
18157
6553
8380
16660
7602
14858
1708
11015
8949
13921
11324
10486
7105
9295
15433
3468
8540
8596
8824
20067
12776
11742
11814
4667
17480
15031
1441
1988
13199
3104
817
12438
2065
827
5089
6134
11569
9913
6554
14326
14543
565
1712
1096
15190
10464
7424
11039
5730
3376
17057
2853
15705
8437
18368
7178
3662
15201
3527
12880
975
16597
13656
20084
2616
18696
1330
1827
17617
2039
17976
1007
16560
7628
9939
2439
18937
1051
11264
19180
15596
5306
9603
7485
10559
7211
1472
5246
13627
733
2406
940
15842
2712
3453
1272
19330
1758
12850
6450
1730
8767
14079
15558
1232
299
9719
4873
5856
13147
12228
8887
363
15969
16512
19208
18552
7090
15958
18130
8770
14345
16544
5889
15028
1115
8603
8965
17583
1960
1401
853
15245
872
9863
7020
7127
1564
19142
11957
12288
600
16971
19032
5860
18176
6277
18165
10497
17631
2913
684
6201
13830
14420
19414
6346
11187
2984
15261
12020
12439
19357
10647
5264
6985
15487
3427
4160
8646
4850
14940
6606
13552
10816
9470
9091
3933
6707
7952
8482
3962
15740
18175
12225
17348
15079
6532
2698
8799
13074
5975
636
3818
7164
6685
1013
1504
19064
3618
2573
12294
7239
4990
16955
1500
13278
14596
4945
10547
1813
14070
12689
5088
5015
5265
15449
5687
13985
4337
15903
18154
5453
548
17487
6549
8146
540
2617
2165
18307
6365
18377
6515
17086
20159
14433
1725
3482
9903
18609
11354
13183
6958
18904
18035
10665
11029
16051
13428
7731
3532
8168
970
10548
6721
13949
3614
8635
7836
15855
12897
4502
10891
14608
5421
2743
12602
15371
13154
7369
6726
2992
6749
15660
10266
10637
12321
11295
11950
14278
12220
17313
18448
12286
19888
3420
71
10982
5868
15984
7558
4162
19466
131
3932
1015
13463
2932
17660
5057
1074
12263
15007
1541
6897
16331
3785
5464
13612
10692
7908
13711
15220
16161
3861
12095
19844
4179
15429
19002
10399
17379
5229
10281
6679
14302
17935
17070
45
14591
9580
19556
499
7769
13103
4890
11918
4471
4247
2304
19500
8891
2605
3780
17810
17281
14761
15392
714
13648
16701
1042
260
9503
15847
18240
16317
15460
8691
5499
16825
1064
13284
856
17223
14449
15317
11694
10223
10906
14078
18484
519
8858
18036
10333
254
4666
5897
14710
10220
15725
18548
20063
7118
17712
4129
4716
3064
9879
16021
5920
19434
9885
16266
13358
4241
8490
10342
19195
6333
9105
18961
5124
15591
14086
7135
3656
13047
1573
14097
5283
8705
16108
5937
9814
9336
14909
11101
9404
18225
9597
12261
8687
4476
5674
16178
14801
10283
15976
19118
16454
4336
9622
7806
15191
19433
10074
12921
1114
521
17560
1894
1022
18082
11134
15516
9972
11609
8373
11531
7404
7408
11271
12064
12291
106
2338
7709
12537
8222
9808
4869
9426
17419
9753
14193
12060
9267
3391
18324
12677
4136
13874
6341
183
7763
11530
5444
12692
17146
18962
57
11779
18597
1544
10881
7516
15439
3475
13210
3558
6967
11547
3168
5161
8613
4801
4878
16510
10229
358
8088
9886
14704
474
6120
5645
52
19503
16104
15874
19108
3943
18914
17525
16381
17970
2793
1088
3566
7618
11493
16519
169
2049
14445
13679
3898
8716
9033
8427
524
17705
7106
7966
5805
19628
9673
18032
14050
2537
9656
17206
7041
7074
11992
18661
17627
17608
2574
12922
14151
8928
544
815
3406
3924
14561
470
12213
995
10482
6716
15158
19444
5047
8567
20150
8776
5720
5702
13688
12128
19795
16038
5664
1225
8874
2339
7894
3260
10562
19159
13432
308
2421
10719
11641
11273
812
5742
2018
2210
4608
14577
9718
14885
7994
7612
9332
1068
13025
661
13269
4952
15921
12796
3233
2744
6908
18463
18809
3536
16058
9725
11003
15727
5738
5116
6524
18405
14768
15477
18019
2321
14051
3217
15570
16612
5120
19380
5046
16771
2837
3707
7275
13736
12081
15784
3941
12857
10846
13735
18427
18423
9249
11722
13068
13419
11686
11685
5658
4748
4340
17859
7278
10122
2117
14963
16287
17413
3125
1663
19312
3698
9516
15722
13647
9100
6408
15647
14868
5263
18772
1469
17296
95
16015
15061
12971
17543
19864
18529
5426
11802
8174
8438
16572
11132
7153
9359
2205
17252
1770
17012
7119
6517
2399
19311
8774
16763
17471
16174
8211
5050
9651
6735
7914
16747
909
5606
7651
2667
6557
8548
12303
9645
17850
3571
7323
4637
16070
6909
17052
8295
16245
12573
2833
19106
1335
3784
9566
7224
272
9311
13330
16477
19766
17091
14298
6144
15089
17466
16390
4182
4123
10833
17944
9260
5085
2647
15932
15435
16905
7420
3490
11663
11396
17629
11819
10859
8681
5601
17404
12293
20199
5657
14528
1474
12586
13521
3236
17886
1839
947
3117
17140
15280
2386
13461
8494
19165
14077
10005
19987
17989
19666
3229
17825
13307
14198
15377
105
3180
19007
8535
15507
7875
14029
12951
10304
3756
15760
20104
16440
14185
1852
10931
5081
16739
10683
4496
8763
11326
8020
16713
9443
16775
11984
8677
18236
14857
3047
13968
15831
1966
8074
18028
2360
6792
6352
528
1224
3374
6562
1940
18976
8828
7176
10613
6861
14603
4798
19760
6177
911
16458
18863
14446
13061
16162
1702
18731
17991
15481
8566
18515
4811
16693
19069
1744
17918
6509
18264
15119
15336
4844
5252
1118
15739
13903
13608
14525
8043
19890
10472
17284
14374
1133
2393
4453
12203
6542
14269
11509
9582
10503
11651
8877
823
13489
15746
3492
8817
2977
19145
9323
9152
13689
18575
11924
1769
11167
10854
10925
12552
15349
18592
6812
5988
7837
11869
18070
3189
15027
3848
16535
7018
14952
6604
10007
16767
18406
8888
6989
667
13226
9526
14746
13135
16668
5775
4270
11400
10824
1404
19855
16171
16513
4978
10093
15564
821
8586
7743
13036
10514
16166
10588
13205
14997
12467
747
17434
4545
10685
13258
11245
3163
17412
19249
11709
5067
3584
18167
13833
6231
8418
8350
6462
5779
13972
4760
9233
4902
16206
16017
19624
15742
1021
6210
9986
18970
20122
19318
5013
18538
9154
5468
8253
19163
17823
18312
2636
9861
13784
7570
18170
19536
14956
20083
11416
14676
15609
3525
17106
13675
7671
9513
1328
10447
17628
5438
688
4147
15520
17807
6091
10306
3144
2090
10597
4657
19451
14012
1318
224
11149
9164
17009
3473
16978
9397
10043
6241
15620
4960
2007
10668
14655
4715
7945
1838
2568
462
5576
3314
2099
4768
18318
3111
9961
6781
4057
4466
5706
12105
10704
19324
1658
7605
4526
7250
6047
8775
10513
5154
9657
275
4344
15054
12304
19703
17516
1990
2089
6484
13475
14496
20097
17397
6140
5016
18248
7559
13692
12985
15675
15989
4767
17735
12603
18757
2778
6819
17279
18857
7883
1299
10519
10438
13471
17938
11417
19529
1867
598
8789
16531
1230
570
5372
11301
742
14599
7780
13128
3629
1917
12947
14415
17398
9375
11091
756
9023
8604
5180
13856
11341
16937
425
11716
5883
6866
2019
869
16424
19607
11691
307
16839
7760
3890
268
13265
13532
10793
5852
15235
12803
251
18664
13829
6638
6771
14075
9230
18791
199
20154
3424
6153
18162
16985
13974
8302
16155
5734
644
7724
11969
13460
12518
14776
16444
10123
4659
13525
8902
5236
10596
29
1925
18215
15859
2448
1428
12222
19508
5454
10331
5155
15694
15858
17547
9682
13930
8098
15282
5981
13202
13948
7732
2249
6899
14171
15749
2287
9498
8866
14417
7087
5362
14389
18744
6345
10460
14590
13970
8833
19506
11137
19090
10803
7253
12777
19994
15319
1809
6501
4242
20203
3517
1140
6223
13812
9038
19625
3127
17260
1649
12111
15525
3824
20187
14927
7124
16450
17298
13105
16943
2010
5278
4513
4753
18734
18486
2548
2973
6874
3435
2683
239
11785
11599
5791
11698
18928
18222
2091
16240
5351
15690
3603
10648
11200
13299
7706
19681
2177
1909
10241
6836
20175
12276
2827
3563
17209
212
18090
18941
16507
391
20007
15865
8109
3449
14541
2272
16692
19889
14236
5215
20051
17728
6628
6714
16502
3446
10654
9724
12173
19344
19093
7967
11249
8585
4897
9435
12682
1998
7481
7115
17142
19733
19447
2622
11867
3140
12028
4825
12235
10194
781
19308
11066
5163
13034
9051
15224
4726
18579
3027
11107
18155
9960
538
19511
7350
4899
16913
5388
4858
7882
16383
4436
19157
1766
13844
1602
2944
1314
12076
9662
12526
13933
12669
12683
9103
1185
6101
7989
8305
19211
16734
14209
7538
15480
17204
14870
7128
9104
11373
5532
17980
14277
11542
9347
7698
15810
927
5591
16374
12882
10541
5389
14938
11818
20143
6574
3795
10722
19485
5879
642
3041
16843
6957
14866
16720
12389
6804
11701
11378
17443
19630
19821
10142
9807
6609
17845
10706
18178
8066
3448
8081
12201
16588
10934
5233
13391
19988
10711
7187
10385
10474
6012
2481
2543
17657
6147
17386
6088
16474
14897
18798
17270
10479
13550
14718
3131
103
17942
1388
4828
6778
82
15562
9981
6066
19375
19442
13274
16555
17507
6086
15716
17864
7999
4743
18351
11772
20071
4355
6706
790
4416
3441
15779
17294
18671
19449
7632
20160
1613
6032
16687
10309
8376
3998
13430
17097
16604
483
542
12097
9137
1757
3796
2461
4507
12615
9882
1512
7219
15248
6351
10376
19690
19961
9752
14948
13473
17723
3377
13141
284
15200
14844
2347
19829
12006
16066
9543
4683
1946
6511
18305
7471
7645
892
13775
3487
7190
10676
1910
10021
14564
2374
12543
8463
8811
11323
99
10222
12664
14076
11555
15856
16286
11939
4133
17483
14530
3637
3373
1085
7147
2340
20029
6719
6786
9620
19087
2043
4841
14286
16599
6237
18954
11715
11334
16545
13255
18296
15180
17373
7699
14396
10471
4819
19364
5711
14322
14521
19765
7872
2267
20148
10091
18942
16896
17075
13522
16637
3001
19437
17673
7208
10520
4573
12638
19510
8136
5661
15243
13283
2494
17917
7461
7191
9358
11486
11063
18018
18679
17043
19475
14007
17405
14006
4874
304
4807
2766
13872
16871
15873
14649
3081
9518
4309
18769
7235
6169
5974
9421
4377
14101
18058
11343
10303
17921
10964
4820
1295
7386
14128
18726
15482
3333
9222
8792
5877
8835
4357
17523
9978
8022
17962
16055
13922
8277
16452
16071
13961
18435
9571
19796
16295
19860
16723
17300
10113
6380
17688
2316
4544
954
3436
19214
19942
7976
20147
3194
8948
13596
13778
4679
4937
8785
8002
772
10589
302
4225
19572
5732
8533
13376
12456
5485
19152
4249
15911
12398
10160
8271
4685
14205
1536
17416
10203
10967
5138
13417
20127
18373
14547
2582
3882
8972
13995
17231
3514
9206
7614
15212
19962
14741
20016
4938
12502
5194
12413
1213
4421
292
7549
1340
7159
12807
13880
10710
16968
13159
20157
17063
12540
1860
11980
18871
3907
17245
10068
7708
2416
2628
10489
16979
2308
6919
10120
9394
13066
6079
19044
15945
18315
17695
1203
5855
437
14829
10579
14474
13651
13014
8257
276
17696
9865
5632
19816
1290
12780
4699
2083
4424
13341
16748
9944
2692
15538
14444
6075
10499
10812
11649
10188
4034
9177
5587
8637
6409
3526
1033
16371
7630
11246
8518
5018
18489
7303
17194
7215
4483
9021
17092
17648
14082
20102
8701
4362
5204
5646
1190
13909
11855
12159
2088
7075
4763
16493
6761
1412
7690
3382
367
16828
18334
4903
14200
7137
2014
15130
11129
14834
17782
3279
14526
12135
16116
2579
9586
6725
5842
6119
15135
19476
15066
7904
7536
2296
755
15666
9815
16288
18284
1258
9268
6083
19959
36
10787
15455
7238
4443
7701
14570
1979
1138
3451
16879
12183
17316
8699
7060
15610
16974
10696
6404
3576
2392
17990
2595
9059
2789
14862
9054
11229
18780
9615
3858
5484
5508
11440
1012
15081
18666
9431
6715
2055
10413
13859
5616
5007
20204
18144
14641
13339
139
16402
4347
13557
14113
10742
10963
662
7093
13311
10713
17374
8069
5773
9831
3007
10603
17843
3389
1732
11345
2084
3542
16003
4777
6883
6690
10245
5503
19046
12045
10983
13761
15127
5783
235
11258
12798
5755
6840
5938
9934
3604
3671
3171
18720
14782
1339
5528
825
134
8407
11565
11703
19325
16632
19638
813
18380
11456
6797
14724
5071
1306
16385
7941
12124
19392
15102
4836
3
15404
11165
1283
1212
19388
7961
19644
9660
10109
10973
14238
9140
6998
14483
16793
14336
2569
16861
11522
17338
11771
12612
19704
17193
6986
4906
12489
2080
14234
2152
3999
6480
4178
609
12116
15000
13869
15090
11194
18227
6970
14691
8505
16859
16642
4721
1344
723
6255
12054
6680
18269
4022
15308
9744
18907
13092
19438
9464
18947
20035
1540
9799
18848
8547
15329
12085
4305
20018
6336
2072
16212
9102
9585
10233
7950
12468
18128
17588
17984
4173
1511
11255
5274
19807
6641
5177
18698
13897
3178
12829
9844
19042
9228
8966
9612
5784
16256
4210
137
18105
5898
128
5043
3017
13300
15824
8207
6273
9964
10917
6930
7428
2851
17025
11629
11759
7711
3485
6414
3972
19294
16131
11507
4338
4790
5338
1137
2797
11238
14491
6584
8558
17269
5693
14257
11503
13742
7423
16462
12033
10662
18424
7016
14792
15762
16838
3458
19725
8107
19950
10265
19604
15726
7305
89
745
6640
1098
19913
16229
13699
1749
8830
6163
442
16028
9202
5152
3112
6188
12003
2258
16200
19903
11383
11667
15046
7071
2907
1780
10041
15301
7091
8035
19104
15902
18599
3410
5688
12690
8607
9693
7248
14243
162
18684
13837
957
7940
15864
6137
1724
19969
1121
10798
12301
5249
14705
928
12633
5930
15915
5905
5686
19047
4238
6831
13604
2879
5824
2277
9968
3997
7351
18765
11407
13155
10754
8933
18339
16153
14671
17388
5244
18118
20095
16603
11832
7402
728
2951
1150
3089
13603
18492
9492
11592
9241
2477
14235
6089
2689
881
1538
8286
10672
17643
2155
15832
15557
19640
7770
16476
543
6011
8333
14639
8733
8143
3439
8704
4613
19841
13088
3533
5701
18590
1427
6490
17321
11214
2151
16956
3462
12724
7947
12188
2665
406
4534
11442
19039
7805
6815
15462
17879
8499
18395
7818
2027
2028
1289
18554
15395
13314
4258
10507
14369
1632
10127
7660
19201
10200
1243
12257
10201
6419
16339
10903
12738
17892
4800
11222
5188
6435
6655
19701
8855
5237
15703
14682
18432
10014
7898
18303
17327
16897
14227
10345
10804
803
16690
5298
4936
10932
3486
2970
16837
2707
17557
3257
18838
13996
18091
5095
9035
465
9609
5539
19873
15289
12817
8191
1520
15021
19012
15624
8991
16340
4104
2850
6434
12717
17027
11209
19435
11623
13165
2297
12491
8467
17148
19300
3113
15265
17160
15959
5696
6629
3727
5559
6965
11192
16085
4068
2817
11587
5110
6795
18598
9528
9007
15140
3712
4772
19082
4744
2875
19707
5840
19337
15463
9927
8047
7311
1465
17877
18390
13172
19293
8815
1274
3949
10898
5175
2601
3452
9289
12755
15772
1325
2745
14907
13119
15
7954
16203
18908
17038
7533
5221
15765
3145
7007
5918
639
752
511
9044
18391
12353
11959
11412
17318
8309
428
19373
8653
18416
8334
2149
14513
7901
9989
16852
5607
15467
17593
11445
18417
6988
16856
12818
17838
17376
12318
6539
1786
15512
13514
4493
10763
3829
18206
9840
2480
3903
2804
19566
4047
1519
1053
5002
3803
10744
14597
13084
14811
13965
11056
1571
11251
9529
16622
17875
18365
789
1782
17372
9627
17399
14347
10882
3675
14098
2679
3353
3701
9095
13018
15996
10243
12539
10950
12266
14562
5367
16833
3729
17585
9917
12004
7869
13543
6442
11736
6632
2454
17134
17801
4503
16649
13776
23
6456
3847
6401
13397
3564
5123
11748
6098
14424
6762
10378
7077
19205
3469
6464
11038
2753
2342
17551
14010
5753
12422
263
14476
1548
2668
15962
5957
11502
19146
16147
9405
1039
3428
9761
24
6240
7099
16584
7604
18782
482
18503
7048
16529
16630
19053
9803
3334
14945
14183
8496
7028
4949
17689
19843
7753
17697
1630
19972
6329
8658
3992
10126
6916
15795
8206
18773
8465
8686
17406
12720
1920
19175
6129
2731
18909
9084
11152
17066
7113
6973
9457
3227
18052
7274
7422
3709
10183
15511
8568
11925
2025
382
12089
17514
17037
8997
5635
12876
12681
1503
13361
13198
9331
11620
16403
14260
11998
1067
17579
17047
7477
9423
2330
1596
3100
18582
15373
4586
4359
6872
12657
4994
13334
12723
7725
18856
6811
7304
4494
5410
5814
19227
6514
10686
14497
11979
8331
9412
18510
4206
280
11600
4124
16159
10894
245
11468
7609
19349
9005
1897
14775
10987
11084
20130
8703
3978
16249
857
6111
7777
18786
6284
1183
8786
7622
2058
12180
7006
11573
19210
15515
10601
1343
7902
13929
12267
614
9271
4301
12490
9678
10836
10913
5903
4633
19686
15628
2597
12418
13149
5831
6623
8932
5184
18173
16567
4595
15228
12190
6459
3165
8611
12849
10441
6019
2050
11673
9572
5212
8394
8099
17185
4405
3763
14864
2483
19542
12093
10511
997
3394
7415
5
16541
4040
18285
12565
5203
14471
13450
19160
9542
16927
9488
1590
2220
7372
9234
16197
5140
5075
3403
1681
1957
18523
3015
2259
19401
11733
4360
5854
8486
10809
17259
18706
9537
8905
7758
11657
18707
11163
10092
16786
7787
9884
10198
7228
7237
6844
11780
1357
11551
6521
17805
687
3355
4065
8526
17718
15939
6475
12870
10322
11544
16953
13983
8297
8745
732
9617
8501
7373
6978
13564
11294
11305
8330
4855
7506
11603
10540
3222
18747
473
16728
12719
16778
9801
16570
17683
16575
12425
18442
16796
5183
16788
8353
6987
11380
8356
160
7462
11524
11903
19445
16001
19866
14536
13374
8080
19497
8445
5153
14685
19138
9420
2173
6575
19191
2929
6460
10311
15271
441
11112
9199
9481
8513
19736
3876
16589
19058
19215
10099
18449
13288
1543
10753
5710
7052
10163
17005
10844
5098
12758
10308
19899
3072
12138
7611
3230
17028
5387
15346
8475
5536
5509
8171
4127
14588
18214
4082
7642
14035
4843
2643
15771
3347
13345
18878
7031
7874
3687
13294
2641
11860
17355
13087
9183
12791
324
13876
14847
4477
17595
2898
3736
15423
19848
8393
11256
11177
6001
18677
15185
11281
1726
11307
2231
7987
9674
16894
7823
11805
3945
14237
12905
14182
6220
1421
18367
3938
13915
7608
11178
19909
19383
12342
19406
20120
5862
9257
10728
19282
19887
685
10560
2734
963
4152
5220
4624
16730
11047
18808
4909
7342
8038
4215
15731
14349
2068
6328
523
9324
3596
5151
10745
13465
13739
8306
2830
8351
2625
4598
833
14485
17969
6878
4059
5096
9930
12415
826
1521
3114
13013
9419
15408
17176
15737
6436
14594
8522
14436
2054
5535
15325
5492
7776
207
19519
19971
3044
8312
16415
11474
4317
19833
13015
17679
10282
520
7906
9695
10568
8512
2562
4816
18819
18369
7546
151
2818
12319
5515
5995
19315
16672
14294
9386
20141
2656
2513
9279
15352
6496
6156
4243
9912
9126
2648
11864
16665
18849
6062
17449
2257
15662
13716
12390
11806
13511
11659
6055
18939
8762
5407
2599
14646
7327
17857
1633
14887
4509
14876
12324
8910
16142
19283
6471
1407
2710
4512
8272
4253
18429
9213
8112
14957
16348
2306
14839
7905
7259
15931
11747
915
7009
3929
1395
6444
4652
3010
944
4962
17651
10869
8893
14692
17019
2558
19431
16746
13477
18161
4096
18844
6192
6975
10646
6131
11049
2335
1646
20047
5638
10842
19124
18563
8307
9200
16312
771
4350
5311
10234
11750
6172
5068
14914
3300
17993
10972
1550
2974
926
12134
9198
8339
12038
14798
11568
14122
11916
4223
9437
3270
5436
3560
12009
12395
14392
19482
4010
16910
1584
5033
19084
5449
12532
17490
4568
12122
4670
2979
19656
11497
46
14863
10297
18793
15229
11239
20193
3061
8119
556
6236
8116
17165
9290
10348
1113
1313
14946
12819
3434
5196
2075
3548
4161
6525
9914
2763
19110
11575
18625
9545
6108
19654
10195
12036
7962
9366
10244
8656
13352
5037
10369
15643
13920
3491
8050
10375
14688
3813
19805
627
19767
17880
11
8707
7748
1829
6349
11031
879
19436
11306
2403
13937
19964
8823
18674
18089
7152
7957
12197
2163
8278
17915
5649
18694
13233
5003
11982
11873
589
6264
20116
16394
19371
14354
3466
15145
9227
819
19688
5496
14500
1169
8052
6790
11043
10103
16379
9403
19577
18329
6110
13138
7486
6013
15948
4365
16984
12887
14440
1684
7142
19238
14925
455
8018
11432
219
1366
1736
1982
14451
13306
918
7566
6770
12950
4440
6050
18742
2326
8123
18021
5051
5383
11217
8049
1445
3357
18011
13894
11303
2909
15887
13873
5483
3226
6173
11168
18265
14838
19629
8574
12939
9806
6493
4832
16809
8083
4114
13410
13987
11643
6822
17987
3310
12474
4137
12943
5560
1639
4482
15551
3967
3369
767
8676
4346
4399
19920
6403
476
12936
8462
8929
19583
18750
19977
3916
7830
18193
1901
11728
4885
15050
4517
14554
4237
14879
12270
18630
5969
13572
1453
15821
11528
13268
14522
2069
17911
14025
11435
14931
11837
4705
14480
5259
14966
1211
1227
19693
16369
14910
8342
2829
2930
7201
10747
2610
18559
8157
12941
18657
17576
12988
1081
13569
5835
5169
5055
2675
19671
10414
14313
3327
18361
17882
19060
12533
12919
11876
10356
11888
17123
5859
8169
13447
17610
4803
1369
10254
13491
17199
17709
9778
1837
8800
15937
6772
19419
4056
3414
2680
15305
8624
7396
11231
2063
3789
11304
3184
9938
18638
11457
4265
6828
11318
9847
19936
15816
7678
18951
12161
18146
3808
16592
4003
11862
8846
4007
1781
9254
13606
4139
5574
1742
1149
18110
11639
1355
14783
9665
1089
18319
8396
7436
18899
12179
6750
14622
952
6923
11804
4197
13250
85
4484
10619
17925
3167
14490
5901
1204
11190
11850
13309
11769
11799
65
510
14558
2751
8194
1000
10549
2816
2535
11483
1530
8950
754
901
17849
1628
1525
4871
2905
2916
10736
7252
2122
8224
11881
2142
11541
12500
3020
3766
7349
12419
12162
15107
5914
15886
2942
5488
9307
2121
16110
19309
3016
3982
11977
14095
1612
1072
17271
11887
5510
9857
1846
2029
8078
19922
9008
10196
800
2123
3825
8504
16487
5448
209
6388
6569
13416
15838
3588
17559
1410
1731
917
110
10171
17934
4095
8363
4856
5695
16027
19427
190
13639
16664
17151
432
13440
5800
9497
12622
3340
2640
17360
18464
9363
4189
11817
16646
13239
18027
13375
10359
19103
19839
11496
18850
7089
13222
11120
17000
13743
20023
7569
7606
2530
3231
7289
11055
17701
18169
14477
10360
3335
17527
10320
16834
6507
11576
17241
3835
7587
2701
6696
19597
12888
17897
8689
15016
6533
10279
12231
13011
11632
6564
16783
6934
19250
13046
16518
11960
530
6344
7913
11923
10899
4429
19676
4615
1491
1020
5100
3860
2274
12283
6136
11459
15870
550
1764
19869
8507
12845
5487
13686
9524
4307
8697
3583
13836
584
14924
15019
11731
18063
986
325
11166
9349
15584
17081
17972
16941
12298
6418
14524
18804
11754
5551
4799
3480
5557
12879
12499
16850
11590
7603
13275
19716
4387
14626
13262
15159
5386
575
14356
6211
5026
1934
1973
6428
16945
6440
6595
2085
16932
12840
5243
4795
3293
7816
17634
2681
16054
16173
968
12477
2344
3392
8810
16086
6366
9354
18846
17253
16336
8360
10553
26
3160
20186
16684
8055
7362
13825
15627
716
9245
9973
2120
16489
7691
15136
15852
14315
16112
11157
14852
10871
1638
10404
7435
17494
1260
8324
19963
18796
1971
9477
13426
689
7991
1754
18102
10585
14385
18097
6307
8841
1248
18740
403
15715
13279
8296
10740
14466
15073
16271
12473
7720
17205
67
9501
1024
1363
17283
1028
8181
11828
7588
2015
15369
14681
1413
15775
2721
16164
4465
2013
5893
10372
41
7814
15415
17644
17484
4556
7703
13696
5349
9365
1615
9073
10677
12705
2765
15017
7283
6541
7860
13800
13035
8422
19636
14908
9127
3529
6940
8440
13628
11053
11680
12297
17127
18919
18703
7197
7778
19273
11552
16936
15451
5145
7513
19115
2183
6024
2958
3765
15872
13547
5406
12309
9122
11791
2836
5808
18376
15741
20093
9145
9780
17635
10521
19278
2869
13496
5225
8428
15070
2397
19197
14516
10697
9012
14769
14987
1722
10190
9788
12529
5523
16193
10991
1911
12528
11195
19935
8571
8290
3823
1699
12650
7735
10177
19071
13081
13467
9460
76
16918
7956
11308
7895
2134
4485
784
11143
11292
8237
3812
11792
8300
20020
10417
1008
4628
8685
15367
2702
7180
1385
191
10857
20168
19359
4619
10951
4187
8039
6398
16904
13905
7886
11269
6571
392
16709
2936
13302
3045
2133
3024
10070
2571
271
7861
16907
12566
10174
17600
16658
19387
18667
13707
16024
4665
9082
7027
7296
8068
5251
16479
14954
8959
12099
10338
12218
10087
8534
18189
17548
13942
6635
17383
13076
15763
7301
16591
11443
850
9128
9013
10878
14891
16000
3348
11688
7664
7008
7811
8857
7636
13594
12224
8738
7839
3402
16901
10134
1789
18020
5861
18690
15216
14884
277
10042
19480
8915
18650
3828
1861
4675
1031
13562
13371
4969
2500
19531
13053
11710
11823
19802
18997
18140
3654
5135
5082
2802
2388
16179
20048
4325
5858
18349
6202
10625
3149
676
457
19112
15801
7757
19981
8145
8956
10727
16087
7411
13515
3966
6106
19709
14794
20183
8694
2132
8798
19052
6995
14357
12684
9237
6503
18501
1172
13819
6374
1497
17714
1132
18634
17167
15851
5156
5891
7679
11705
17834
11360
3947
11625
16547
15500
4603
16885
10131
2001
17526
11227
5837
16199
4963
7468
3744
2324
760
5049
13573
12863
5896
11816
10252
2130
1263
6705
293
12620
7571
2110
16274
2856
3872
7824
1555
12046
178
11751
1297
14204
17007
15614
3318
18446
255
1805
12249
6605
9278
8668
11153
179
12234
11024
14
1380
15121
18412
13725
10340
1832
1209
2314
18156
1689
9232
2074
9663
19850
10445
8335
10800
2212
16250
19335
13067
17746
4640
9868
1978
5061
8597
1581
13581
15033
17606
4958
17155
1650
18800
7545
7297
17409
11897
9098
10641
5307
12761
2584
16933
1359
16111
10504
13069
6646
525
8144
13631
14400
7391
18992
6151
6070
17189
2631
9329
1656
13351
17074
13712
55
11781
3830
15240
6347
13713
4211
6060
12989
4445
18668
1902
8970
17315
10179
602
1660
12346
17796
10227
17580
1312
18378
3779
15419
9292
18301
6673
16464
6522
2697
4647
4039
12308
8875
10078
12748
18833
12894
11730
4983
9201
10485
11021
12278
6601
12414
946
13810
4489
11257
9070
15534
16235
5187
14360
5112
19956
6755
16811
5810
3387
17101
4273
14506
17055
13519
17564
5699
9749
6124
8720
3648
11896
18963
16724
17130
11670
4323
9963
12825
12431
2606
14281
15761
16410
4593
7484
9034
12453
12834
15456
13124
2246
18113
12377
12966
12835
3123
14401
281
16611
18341
5261
2660
9601
12364
1032
6014
12577
2824
10699
16769
4126
19995
17371
13297
7615
10181
18807
16999
8860
8584
11571
18151
19286
9436
18125
3572
15241
14658
529
12168
13523
9310
15174
9786
9633
12335
13085
1529
9714
6331
4694
18497
12782
18023
11965
5321
5924
17078
14206
17426
20155
2112
10216
19558
19074
8219
10140
5342
15901
2724
12195
16789
6212
16579
3012
6722
17180
5076
1431
13878
9002
2966
14552
1657
12884
5965
12824
7503
1112
10768
19521
14572
7619
13143
2760
18143
15207
4913
18054
11635
7639
12685
8580
14728
5881
2615
4401
13256
4625
14266
8167
15650
628
1569
7903
1939
15929
16406
8134
2719
7598
20156
6339
13333
9591
10537
8712
8614
7672
2523
1825
9068
18461
17818
11071
1561
15465
13273
446
5562
6268
13043
11221
19504
18288
7102
18577
14462
19334
3292
8565
3822
9642
12789
6482
3172
8061
3276
3224
18004
1496
5866
13287
5865
18108
11140
3307
18564
6195
60
7959
11421
27
8029
14327
3700
15514
20166
7207
15530
4118
2268
18555
561
2918
7807
6274
4367
11656
3304
2825
965
14036
11431
15910
2143
17767
4864
5595
1890
247
4351
637
4458
443
11744
8311
7355
1361
16351
2896
16259
13536
10296
86
10629
11121
9940
92
492
10543
16107
1885
1563
6723
13988
16621
12788
4641
9276
1565
15203
6247
17607
7694
8399
14880
14226
14576
17540
17164
14391
17463
6158
4693
7601
9694
1376
8909
10248
438
8863
5501
6675
9433
18620
987
7925
19037
4764
18218
16195
12343
285
9291
14254
6645
10843
7833
10767
6910
17264
17303
4674
14563
4415
12770
18847
16919
15232
16515
11940
11963
17166
8578
116
12564
11007
8176
11827
12606
3299
8878
12574
1316
15527
7282
7897
9942
18829
18659
415
17789
12898
1082
12119
1322
8220
15849
8446
8560
2531
3511
18860
7877
6243
11683
13649
3218
11760
4822
3875
3964
12044
6869
2637
2838
9802
15599
11833
7222
15732
14620
14737
5512
15342
5718
3723
2649
6876
10085
2858
3516
3166
19243
12115
6617
3107
11499
6572
1390
4171
2002
14323
18456
12994
3433
4433
11387
17612
8998
14722
1640
2062
14860
9982
16435
3877
8661
12508
6196
20121
2185
16459
9408
10029
19008
15056
4701
2067
13474
5619
15316
3280
15641
14317
13357
15424
6235
13484
4853
8935
5466
9369
200
15679
3725
1888
16252
17562
13978
4134
10395
7773
11272
12644
7504
15654
3005
8240
12652
7556
15566
1959
604
13913
16246
19541
578
4117
2169
6745
16527
1908
5578
18567
15210
12246
9053
343
1568
1574
8030
8937
16715
9096
16006
5554
17524
7042
20088
5391
18217
10270
10539
1309
572
4787
5757
6257
16670
4291
14027
5401
15685
9845
15468
18024
11664
4939
19818
3289
15944
14763
18930
12172
7795
15269
13170
15078
17364
3445
2189
649
7742
507
4779
18898
8563
9448
14062
7414
19099
17757
17339
555
5371
4565
11926
15166
2841
6700
2738
12068
4222
16334
122
9782
4244
18660
5689
19692
15553
8249
18913
13387
405
12354
8017
14447
20
2402
14545
11883
16258
5946
15474
5141
7290
10271
2981
3246
15907
2989
19648
10807
6282
1608
19378
16506
12207
17844
698
1560
10115
10476
11793
9911
15697
15385
559
6292
16521
4848
13007
10278
3595
6363
14232
3106
5608
9629
13661
18724
18542
11500
15561
12290
2862
629
3471
6185
15898
1207
905
37
2465
712
15125
12823
5431
9598
17488
10628
18823
9185
18183
14881
8193
7352
3397
1753
2539
15072
17340
3630
362
8419
5882
11216
4296
13875
16305
11577
14990
6457
2366
19460
4682
10868
18077
266
8587
9036
15041
1821
11662
18864
11392
6426
7149
5080
18526
13941
13680
10366
5084
9208
12313
11379
4077
9048
6886
3014
18988
19643
7394
13247
2577
12582
8315
176
17476
5023
6510
17170
13541
11626
2960
19837
16806
9945
6713
19153
13816
18428
9979
939
2874
15848
4442
10421
7550
4158
3843
19672
844
15625
16586
11964
19492
16677
1621
8675
15682
366
18727
13215
5888
7812
17903
10206
424
2933
13605
399
3083
15714
17141
6782
11904
950
3934
120
2611
17509
18994
14399
16309
11666
9654
4751
8520
17089
9842
14404
8884
8264
4918
13946
3426
16972
893
11080
15057
5238
12631
3356
14458
19663
17561
12381
7268
11068
17799
3009
2345
18242
18283
17320
18482
14413
4341
19730
3599
1493
1153
1215
14282
7184
12581
17763
18216
12926
9751
250
12487
475
9552
9833
1457
1046
17787
10942
1553
16389
4752
17378
9136
9563
9514
16097
18714
16765
6784
9798
17119
18900
12920
2854
10554
3615
5404
8621
18414
9296
12763
1214
14813
816
15013
17020
11059
4396
971
12656
10129
6905
13899
14842
12809
7205
3129
10117
6191
17573
12725
19641
18199
841
7083
8241
16676
5770
4759
16787
11879
9071
6631
11076
679
16539
16842
19102
16175
4875
17638
4504
14994
16914
11752
6189
1554
18267
2358
1304
15030
4935
19585
12443
9378
17613
1478
295
18874
1197
17072
15642
13144
18586
17963
859
6463
13534
7493
8403
12151
5207
1438
899
3417
14640
14016
3963
15067
16434
18410
15360
3622
10
13193
8886
11458
2291
3138
1097
8472
19717
13565
4066
16869
1505
17418
14895
7984
14505
296
15585
5716
7173
8483
9819
14697
8103
4510
11872
2686
5054
2826
5412
18366
9396
13916
10612
15556
11914
11612
4388
7344
14195
16532
7857
1278
10105
15540
1106
1161
17308
11077
4408
17062
18191
10534
7978
5789
18520
9472
3897
7117
3256
11602
18109
19658
1882
19979
11520
19512
1006
8724
10550
349
6599
15571
9484
6502
13350
3545
19407
11409
6090
2749
10272
1777
19398
12262
10578
3806
12718
237
368
9500
14848
16074
10849
11739
17756
16290
20030
15312
5142
15800
7980
17568
6917
3621
6774
6429
5373
12873
18337
10766
16447
19993
976
2336
17632
15879
12327
12874
5105
11088
13340
6454
15167
10387
5874
7479
17860
3096
7192
10215
11289
7625
10323
19929
13469
6873
8461
5227
459
12680
7876
12530
19878
16190
19062
16285
18142
15544
13407
5911
14589
229
15876
11861
7500
4420
18121
13131
300
9880
7562
7756
10469
20134
20000
3798
4754
14154
13107
8114
16585
1641
12931
6430
2706
2170
6849
1703
5647
2723
6823
16325
2333
201
9334
8631
6683
2900
19016
5850
18728
12359
2443
693
17685
4073
12833
19978
12885
16538
18995
12695
3204
15442
571
16043
4632
15974
16395
13347
3881
2910
8485
19687
10687
15010
13722
19429
7802
1537
12333
4019
19576
9367
4311
6104
19911
16698
5250
18127
14571
16355
2771
16626
14218
5581
14268
2167
5417
15303
6405
9065
878
580
3092
10788
16636
16772
3705
9413
17436
7626
10047
10889
14846
422
2895
9060
11128
829
8882
18984
16292
8609
1610
5725
20006
12815
3811
10391
2100
6814
11951
996
9822
1036
7108
16755
4342
6896
15436
1819
225
14089
5847
7185
11525
15014
10432
2790
3688
15168
13455
19924
15754
9371
16350
9781
1904
15868
17171
14127
9614
331
12007
11065
18669
9760
13065
3801
3283
3758
17677
10373
5439
3332
18462
15892
12002
18026
2011
5584
4847
8280
19769
11384
7783
1963
10984
7575
7755
19036
6393
10985
721
4635
12497
18085
13023
678
8414
12147
11025
12713
5065
14883
10284
4224
11353
15169
18505
7081
12021
18880
20182
5460
15162
4712
9462
7850
7256
8714
10757
12455
19980
18746
7322
13895
17485
4955
14372
4381
6103
1948
20077
962
140
17700
9328
19967
3080
1802
16774
10016
11048
12541
11463
1126
19528
14509
11085
16045
15192
1467
15116
10729
8323
12730
16133
8087
12797
2103
6229
2994
936
14941
7718
14112
17582
14071
13616
3850
1356
19440
13051
17196
18572
4973
6616
14249
17129
18009
16443
16689
3794
15635
19425
17780
7130
6570
4055
12634
4447
17186
8094
11219
12478
8575
13016
18164
4924
11699
7676
3923
4691
1664
10756
4998
11822
9683
2917
743
14930
9387
2359
2630
2429
2612
15713
18360
2452
5370
16752
15951
5477
9536
4872
1099
20195
4157
11477
15164
1793
5363
18040
16781
3581
14172
7334
2669
4867
15700
5090
9809
3836
7335
13291
13787
4655
2116
12363
14343
9058
195
407
13754
7315
5819
17797
19770
10912
12178
15977
7686
4729
17124
11389
8977
7648
5441
3573
9441
15759
4893
8106
3745
13748
1157
2906
13174
4580
6543
5385
11455
8238
1287
14223
10346
9479
9063
5943
15198
4446
7070
2256
9097
19516
15743
18805
16662
12828
4656
8489
19695
616
13898
8319
13213
9148
12177
3235
9322
18522
7418
2516
3849
5978
1400
13601
3740
3351
5181
2436
16035
6030
11583
2215
18381
20135
7912
2694
12802
13468
15427
15630
4797
9081
6833
15426
6593
2124
12597
973
8477
14138
1741
1926
3677
4014
14470
1647
2390
15734
13671
11179
5691
2842
12510
7131
3952
18126
4370
16414
2061
8260
8695
408
19779
5906
17240
6937
3249
3936
1601
17822
11534
4214
8508
17923
10897
2469
19885
19246
15209
15949
12281
12448
15531
6621
11564
7955
2920
6293
6668
3520
15893
18362
12781
19958
2948
10639
15924
14980
15486
10330
15015
9235
19894
4481
12361
9356
18396
7439
3225
3653
3341
4384
16823
4175
615
8649
18623
2666
3344
5772
673
18884
14191
1208
6467
4354
1060
9275
1179
4349
11470
14397
9453
3053
4252
1869
10794
17112
11655
7403
16119
5844
12628
8138
13964
19968
2446
12323
3415
13626
14732
7320
4403
12626
10107
8620
15390
1387
7097
7975
2524
434
7610
9178
17274
861
11929
4418
17720
7692
9364
12893
3682
8741
793
301
6402
8147
5354
5655
16795
3772
8487
5437
4383
12599
15597
19001
2081
10462
3556
15623
20142
7285
10288
16991
9796
5575
16827
874
8474
13104
19584
11732
12913
13973
16084
9590
0
11030
12636
9705
4610
16846
17724
2485
12962
9510
14283
10454
14233
17738
19287
8406
7944
11995
12562
5117
12011
10371
19820
18901
13136
14901
7827
19097
7599
14248
17429
4042
15670
14030
5728
14141
8184
9318
16845
17703
3388
13139
2787
9583
6854
17222
12933
9999
28
14395
6149
18606
9723
12140
13545
4316
13225
19720
8441
14090
12109
608
16373
19226
17468
17933
18594
19323
13777
10480
18415
18455
6597
269
2097
14435
14998
5643
17878
7573
15438
10377
18795
18950
15341
701
10242
17887
8170
12542
393
12735
2455
10656
19938
16307
5334
10032
623
20151
9340
5192
4031
16773
1848
19912
9485
19781
7884
18379
2720
15112
6314
19697
16056
1700
8850
17326
5178
11434
12710
8595
12317
9251
18252
18223
4248
18124
12679
10610
13927
13788
2378
15267
15008
14186
3839
4005
2943
3751
5432
12142
9043
6666
14959
12967
2478
14058
11811
1643
16738
8794
8803
19453
4863
6260
7509
10411
12137
5527
2693
7781
9277
13251
7663
388
6752
2901
8967
15812
13644
1452
17566
5353
5118
15499
13931
5502
3219
16906
11684
621
9677
5516
959
18541
5799
3315
3336
16025
12771
12496
1352
10401
6880
10939
13727
6044
13086
12480
14733
2456
2658
5625
1462
2594
15686
14148
10381
19786
12106
1268
19217
17076
7319
19591
2670
14958
14334
8651
2387
4894
11645
12700
6800
256
2492
13841
10698
6615
12511
3342
7939
14350
626
2066
8723
7421
18479
10175
10400
2845
5245
4167
10587
5964
4043
5308
5125
1515
10712
14686
9410
13505
18353
2770
5072
19143
2515
15416
5148
2800
16251
16679
16801
9166
11312
1778
309
2769
17329
1259
9768
14527
2727
20013
14905
12338
3287
18443
17082
16743
2034
283
3925
2941
10884
2872
18147
12057
14130
5963
13932
13571
10475
17517
11212
8809
9689
188
19775
14936
18299
7395
9283
10056
5402
15560
7617
11889
7160
12580
1226
1992
16777
17309
18764
1236
17731
12594
11815
3108
7646
3791
1206
9057
172
10883
2501
18272
19655
3442
11994
17713
1928
4407
10033
11182
19119
2457
6174
8622
8358
4634
19241
18311
18313
13834
11718
14780
291
13524
19609
6888
1720
6787
16409
13126
1439
18646
13058
19726
7419
10526
16969
4414
14650
5951
5714
2950
332
17916
780
12614
8273
3741
19667
14745
4582
18079
3141
5624
6890
258
10624
11280
1896
150
11644
6433
11958
15469
2626
16727
9994
5495
8894
11776
3912
17888
9197
17285
8101
18356
16916
15306
10449
2953
16073
17414
15126
1479
11006
5585
5704
1806
16276
11761
3247
8581
8838
19020
9517
2298
2662
6842
11208
3935
9000
4032
16569
10080
6960
13326
12153
5923
14158
107
14472
1738
5066
13167
5433
5968
16849
9923
5764
1139
5199
10609
12853
4629
5208
8795
8524
11116
15961
3028
15519
6006
6636
19741
17481
14638
9584
13733
6020
4880
12707
3730
16987
9832
13319
9469
2320
19610
1752
13114
4102
7789
19385
7146
18496
13813
3063
6766
6354
503
1729
20028
2572
15649
12440
4474
8662
795
16741
14054
15338
18626
18759
5039
4159
2695
7483
1189
19540
3737
17937
17522
1508
18721
19777
11262
6203
11845
18749
17866
17417
18066
2975
6918
9495
2275
765
15310
7653
11713
13617
19122
15393
5590
15242
6138
3657
19627
4328
4550
6681
9810
11381
18837
16099
17666
8225
4033
832
14548
9896
2299
7004
6281
19291
10128
6758
16429
8837
12760
5786
7572
2006
13231
8476
10094
17708
19049
8243
6492
13270
10172
6687
14843
12248
12171
13121
19985
9108
9901
4413
15658
15600
20015
7024
1486
4221
13701
2945
1830
11678
17681
19575
18508
7537
7661
10651
20058
3650
1518
9293
15919
12984
8901
10102
13879
9525
6242
10879
924
6742
15701
2254
4631
2509
9207
15413
17221
4646
4916
9762
19459
5197
1492
18181
1875
7240
549
491
14422
18001
12837
10059
11276
4932
13908
19382
11450
4110
8016
418
12642
8413
4557
402
6485
2713
15640
15964
5266
16965
1061
19782
19328
9931
18207
7169
19551
5997
4058
4676
19196
4708
13503
15181
5475
15063
5119
15777
6598
17280
374
4106
14653
2420
6927
1955
3464
9932
3306
13063
9348
15563
16620
17059
7166
6757
3456
2576
17604
5205
2462
16382
16140
6010
6230
4120
13508
9921
5836
14002
4432
252
4630
16326
3076
1905
18245
17163
3264
4459
8813
7049
9929
12842
3716
14332
12025
13236
2424
3295
20057
14797
16758
3040
19835
6794
13406
17346
8156
9049
5416
11831
11720
9548
9047
13751
15025
1147
10151
9881
13760
6306
5379
8920
4684
18055
6992
4203
9908
6935
4833
13282
7586
18649
6610
3575
19649
12595
1464
12793
13999
9594
3607
6342
9644
18524
683
12550
14100
8412
19126
13485
9870
15665
11813
16135
6816
6767
8292
16480
19897
10623
3094
6470
8262
517
5890
4053
14087
17785
15475
1883
9839
4488
9304
16433
16581
13652
17950
16967
1898
6962
3961
13808
6232
6877
2563
15537
2902
4234
4279
10615
4991
18000
10066
4364
3244
11469
11203
7223
7103
11252
10909
11471
11277
2200
6739
7014
588
2265
3238
2580
13044
19336
8429
11501
15793
10390
5771
17840
15004
12694
15379
7555
11677
7340
19758
19263
13234
18470
3522
7519
19729
10396
18980
1077
1035
12914
6007
3679
3322
17341
2519
12470
11198
16582
8250
15576
19845
78
19713
15173
1045
16445
19027
342
11286
16819
19620
17455
607
19768
11631
6004
484
15276
10693
6648
17964
7233
7163
17975
20165
17826
9515
4172
2432
9020
6280
5563
2843
19400
533
15018
20094
3768
9743
11042
12023
18852
18812
12196
3893
1999
13843
19339
14787
3775
5253
12388
4333
14005
7853
19338
9486
12645
14652
18385
12843
10738
11737
12980
5316
3804
15954
19253
1086
12080
11211
1375
1440
17926
18983
3196
11213
7015
9703
16302
17739
11928
18420
16770
7427
12639
5801
989
699
9608
4846
419
5530
2496
17896
17814
14726
18832
2957
6708
146
16501
3159
1485
14983
13575
17088
11829
14273
19735
2414
5885
3549
16412
2166
11026
5257
6536
9922
11135
2118
4585
4411
15720
15752
1678
11075
11618
19204
14482
16568
18583
13280
1116
18975
11310
17619
12185
14567
20136
8726
11767
8636
15407
1810
15347
4996
3690
16640
12568
8345
13005
11139
18401
7040
14837
13246
18238
14757
7261
5818
19296
6763
17553
5915
7848
19555
1961
10978
9794
10718
11892
12074
20115
5166
11981
13853
20198
18049
2967
14091
18978
1578
9445
3605
15062
2292
15022
545
3365
13337
8777
19626
8630
19642
4277
303
921
5336
1244
3567
1466
882
9280
12483
18892
2849
6315
666
4452
8753
12929
12979
18561
5833
7750
16217
15546
2327
19526
9039
13684
1579
5143
87
13464
18352
9712
16504
16958
7670
18763
2417
16898
1761
10867
11746
1773
14970
18481
15545
18686
17674
13681
11735
20068
12230
10463
7043
17913
9417
20042
12648
12463
6577
8916
494
12110
14324
5218
3202
7968
3423
8449
449
16923
15311
7358
8913
15598
9765
1686
19567
7487
2959
5697
6343
2581
7217
19831
10256
16125
18498
16386
3888
14587
3175
13607
1381
7909
16886
2517
12264
18803
16851
3817
15146
18546
9288
4404
8854
1389
16667
2216
16321
16671
2261
7448
17216
805
13006
1933
10240
17226
19255
5669
16448
15428
19279
12462
1532
14119
9270
6256
972
17965
12754
5440
17102
17023
2060
15975
19557
3195
12191
16064
11956
1253
4497
6452
15778
19916
17833
11105
753
11595
15683
12430
142
12139
3826
18436
19056
11169
12265
11894
3251
3878
18990
12243
10675
17333
1176
13723
655
11689
14487
4508
3721
18053
20129
19086
4549
3946
10104
9308
10483
1611
13529
14900
6227
13185
11478
3597
10813
700
16303
11449
19026
2370
4536
11155
4766
5737
8293
8917
6614
13695
17045
14631
1623
17083
14629
4905
4821
11912
9045
14968
16039
477
12854
8713
7851
12169
17010
16352
4596
7068
7958
16032
1262
9829
13203
14553
12096
5698
4830
10990
9077
9174
19292
2312
7472
13373
4151
16522
15215
14057
7621
12163
5976
13111
1251
4105
17445
8135
8994
4281
13597
14139
9562
6879
10490
19054
16156
14411
17809
6914
2057
19573
16122
8420
7734
5684
4669
5756
6489
10054
17183
5167
2008
7314
18595
9686
6693
13441
10285
9957
10545
14046
2664
8538
11193
10477
14040
668
9115
18779
1398
1347
13979
16347
17053
2198
6121
16725
13437
4297
9520
15493
7029
14381
7417
15327
13638
10473
4749
7398
20103
468
8975
2125
14455
13443
554
11073
17359
1823
2153
7540
15251
118
7716
19267
19732
1969
19411
19355
842
2263
15575
3706
10900
9706
4382
7405
12284
2288
2203
7949
12732
5350
8065
16341
3132
4702
1237
2408
15205
7918
18525
11311
19778
8528
6952
2269
7528
13799
13321
8985
5985
19136
12371
19288
2985
16803
12219
13497
3505
8308
16322
6118
13881
338
17830
16994
17734
3515
17770
13587
11634
12821
12806
10638
13415
3800
6748
4644
205
168
10773
15681
14340
9507
15272
12632
8213
16583
10864
2078
16042
1091
19009
16428
8434
5318
18096
6154
1705
5380
10661
10219
11962
14568
10292
8509
15692
20087
19792
13801
19552
10158
16242
7257
19202
7246
8692
10119
6455
2352
9876
19756
7864
12909
10289
18553
3608
4100
1379
5513
18944
9578
4736
394
19534
5276
9818
1796
2363
4181
6064
5910
8951
16576
16323
8009
14083
2767
16776
18839
3788
19003
192
6860
12855
4616
17150
11299
13009
31
8062
157
79
7175
9667
13852
11250
4904
6067
8443
18771
15768
15770
12572
59
13857
14438
1718
8269
7943
3863
19509
14216
8906
15918
14316
5022
12949
7179
15434
4501
6327
6389
17909
7134
17624
9587
14949
19940
11189
18433
11285
9117
19469
13218
12479
2503
16942
12596
12071
14386
6246
2812
14192
5077
15048
1943
2003
9149
16525
14747
7076
14024
1229
2224
19319
4971
42
1128
16554
1853
16311
5144
19565
3767
7013
3330
1494
11895
18230
4915
10298
9953
1776
8861
12380
3467
8113
2279
13646
12215
11363
7600
48
6491
18338
852
19652
6537
14410
7339
13452
2590
17237
10724
5778
11215
18289
1350
18256
18893
9804
10022
3371
5870
3278
15766
14637
11436
5864
8151
5531
6043
7138
4688
5254
19144
13117
6691
13418
18781
12356
14612
15702
5673
9022
8530
7120
17268
9031
5959
1580
6239
19048
14539
3612
14832
6469
9958
5029
15002
14906
4454
6216
17534
867
6063
4554
4704
13164
6291
18331
6112
12531
4427
717
18516
1533
8708
20152
10918
19301
4326
15443
19522
16421
1645
16610
16780
9346
14073
4516
19162
15583
17684
15990
1866
16430
7669
11988
16176
19242
4236
4561
7526
15862
10084
9335
10570
4410
3170
10225
19303
1354
16735
8386
9352
6806
13599
2136
12935
9570
8063
18438
5758
1502
7835
5004
8992
16887
15389
16988
9946
6544
7441
4710
12536
979
10324
4276
16346
9301
4390
4250
1130
5198
4267
9041
12322
6115
12629
4163
14753
12960
12609
3134
7356
18774
8448
838
100
19493
12238
18287
1477
3821
14348
16277
15170
12316
15513
7747
13110
4566
9252
1256
4732
11172
17459
9402
16388
4201
6228
6540
14162
7150
9093
18198
1916
18422
12052
10831
2372
1923
11117
13228
14785
6438
8085
551
2250
17743
15796
13884
18494
5867
9581
8391
4078
101
5056
11919
6747
19128
5741
16706
11905
3568
11097
10808
17729
10611
17952
1697
2652
2607
7878
500
7183
2331
18608
17136
9142
7791
8389
6123
16243
14481
5759
11082
2419
13504
13746
15074
2878
16548
13383
5556
15769
3443
17670
13388
5731
3425
10933
9512
15861
4815
16669
15348
18729
10024
4199
16711
2437
19712
20079
13420
2903
13384
13148
15458
12722
1844
10012
17297
4592
13123
11642
17967
9919
16722
13975
19363
2876
12668
16876
1010
13792
3275
19811
6796
5017
15372
18637
12182
10691
7623
19342
10790
9432
13276
13791
12946
5234
2310
493
8165
12801
278
12846
12347
19011
4272
9504
12698
4584
5097
7951
19596
18926
9211
11513
5546
11870
12728
4661
17462
16437
17461
2129
339
13493
2479
10853
15695
9540
17147
7324
9090
7447
11146
9123
18672
2730
13570
8254
2512
11028
13030
75
10457
19602
13457
11374
11783
3162
1284
7012
15589
8684
6325
12881
10527
17698
10573
9377
6580
10716
4318
14145
19130
9637
1025
13229
20172
311
265
9032
15237
1069
10814
2502
18392
4036
15916
4818
2175
10600
6053
14267
2561
5934
4889
16574
15653
13861
4814
5290
12768
8740
8797
13331
9850
2542
11331
17375
10208
14694
8849
1476
4588
6095
9069
12516
15144
14134
13041
6302
7242
1539
15350
1073
17235
8454
17819
18949
16542
12588
17686
14781
19252
14142
6729
9456
1816
2433
14560
10870
3652
6116
4080
14044
18389
11549
11523
8839
15794
3190
13191
2209
10510
9455
3937
1755
19784
6803
9216
19842
4070
13962
7658
14255
15351
13535
16930
15399
13245
286
4263
9209
15826
13752
19302
14734
12189
8590
19347
6997
12108
14828
9134
11410
11113
16995
12878
12374
19900
1591
15498
8652
7578
14985
3343
8229
4406
13598
10971
15913
19684
7915
16899
13926
15113
15141
15840
3634
4232
7198
3185
8594
1327
10155
14362
19423
4590
11946
19861
6859
17985
3413
5566
5027
16750
5663
11185
10455
8831
19168
20024
7696
5766
7010
6603
13079
7810
12575
329
15947
16254
17039
18372
1084
12206
19461
3157
2995
15629
17162
12082
7726
8542
9226
12100
19004
10737
11624
14716
2560
8981
8007
10837
4809
2381
13156
3902
12236
7302
10496
318
5549
5520
17275
5109
10374
18719
15095
2996
5565
15086
18820
8628
19960
2949
15208
17408
4271
18973
7584
13885
10001
1627
6551
8025
5102
19662
16854
18600
15332
2000
2052
7574
6720
18088
13704
19298
18964
587
17021
1372
10618
12125
8639
14196
9204
3660
14262
14604
4492
9449
19753
18257
8634
16141
1220
10653
5339
18699
102
9450
8154
20126
19740
14450
16401
12233
13243
14256
12653
13923
10354
5104
14888
14618
6318
9195
20064
14488
17368
5506
9253
17722
4562
13637
12993
18613
15835
12556
10255
2176
4108
1716
19256
12348
8480
14540
9240
19502
19996
13993
8447
15889
4541
4928
2794
8853
10169
18956
32
17996
3871
416
9636
6843
6637
12901
12181
17841
9368
7745
12251
16011
5024
933
4185
17536
9696
8460
10755
16862
14529
1795
11842
2893
12856
4599
17853
1552
18275
6837
15952
1079
6783
6926
13380
13614
1043
9784
3814
14292
19705
14304
10349
18441
7667
16960
17898
11615
15900
19857
16089
16405
19569
315
4895
9672
14131
15106
7196
3589
4925
9281
4283
14152
3311
14161
133
13122
13969
3488
7695
14703
20055
6746
19838
3918
10761
15283
9983
10999
5078
16962
13413
14320
10994
6371
17901
2005
4838
7532
19680
17932
5956
7717
8004
1680
11882
3368
2700
18317
2255
18465
12391
10436
15672
161
20167
18078
13304
15590
10077
7329
4796
19608
12287
18605
7380
16260
6181
17301
6555
17647
20197
9937
11647
16358
17356
13151
9546
13080
8702
17943
2886
5641
2191
1985
12421
15284
5729
17622
6037
7557
7453
10667
5481
17914
2396
14074
20009
14808
5130
6361
11540
15806
13759
16467
797
18601
12369
7697
19092
9418
18273
7272
695
19188
12357
527
15117
10467
7383
14657
2161
14405
19675
1186
12118
4128
6305
15936
15813
1062
49
15171
5612
9089
3859
941
2884
13624
16356
5573
17293
6133
17668
16228
18166
12559
17054
3404
19738
11377
19280
13184
18504
2795
13512
11202
13315
14020
1972
9391
16044
13264
654
6882
19525
16397
10542
13323
13101
9916
15058
22
19621
1906
16802
5107
5525
14915
4860
5892
10670
20205
10896
591
11322
4191
4141
757
6033
20005
5490
2162
4660
4770
11650
18969
12280
19491
14609
13146
18938
16726
5794
4174
8236
10162
6312
2835
6734
8600
17120
17400
16929
16940
4460
4255
10721
13589
1432
17538
3370
2369
4769
7594
12826
18374
4284
5623
3950
16526
9975
10523
2799
537
15472
15344
4607
13289
3360
585
19587
8693
8934
13176
4947
12314
9872
19327
8314
14573
10758
14766
704
19862
8623
7844
17394
10318
17669
19657
18627
16180
8870
15396
17277
4845
4314
4758
748
3760
2750
12016
9414
14557
15444
5366
18723
16860
12999
5872
9099
9163
16983
11757
7455
7309
14610
12121
6074
12977
454
11314
5519
14426
6698
6132
6538
10443
14673
4601
19089
9214
17958
11191
127
763
8599
3710
7911
5644
2365
8780
13997
6999
9920
16524
11151
13405
2351
1495
7181
19281
9141
3085
1188
3718
11902
13303
16485
12916
18163
17645
11675
6288
12701
2004
14412
497
15196
19233
1801
13585
5136
16580
19285
3513
14489
4280
10152
9533
16313
20046
236
1216
6613
12981
9701
16230
10922
19836
730
9821
3928
15273
6974
16682
11488
20085
12570
10468
5281
2422
6841
5622
18855
8836
15279
18210
11364
6209
14804
20174
19484
9242
7177
2466
18276
657
2199
17597
17828
10095
9700
10592
6674
4196
4658
11834
16202
164
5990
10682
5355
9029
9294
16247
3479
1691
12831
1348
17247
1001
19714
6199
15110
2642
6813
17655
4521
14022
14229
702
5611
3033
526
14363
5206
625
9272
10717
17542
13232
2952
1913
5403
1016
14001
6753
10652
12001
18209
12902
7112
12302
8011
2777
9557
1336
93
383
6015
4020
16731
11511
5754
12892
8248
13102
7330
15446
19611
18062
5219
15637
6741
2774
2972
16939
16934
7937
13817
16439
10775
5675
16072
14533
4984
4564
6270
18869
10575
568
8737
5774
1122
18888
19822
5796
6082
2755
7038
8322
456
9220
18149
8436
7822
17299
16368
11679
5397
20164
9906
1941
6535
4116
20027
2591
12983
16332
14419
6049
81
16359
1945
13201
14939
13316
17242
2752
4606
20132
18430
17621
1194
1247
11104
4614
7133
13021
12050
1587
186
536
14088
2775
4490
3981
11118
19200
19232
6139
264
18870
19131
14977
7390
8814
6171
4358
17504
297
3232
11931
11512
11487
19123
6449
6081
19840
4642
11362
10874
4829
17865
14180
18840
15615
2273
993
10862
2757
18968
14157
18932
5785
17457
17836
16733
3416
14093
8032
9169
6717
18344
4111
653
6867
6488
13663
7132
11765
18092
12037
17779
14454
11787
16644
19067
19955
1162
1324
11473
7057
2507
16079
15729
8051
4290
2280
2082
10741
15808
12131
16185
7563
9401
19722
16703
11652
13901
12451
10536
2650
12600
19463
16216
16231
12067
18766
8089
17232
9326
3665
6296
17486
14067
12412
15616
3611
19745
13364
5176
11161
14922
891
19198
4518
16596
5991
7393
17863
5812
19472
7704
20090
9853
6427
7567
10071
5305
19297
3616
12558
11041
4219
16920
5012
18187
3742
15065
7452
7923
7849
11426
8456
19660
5952
19513
11342
2613
8537
7992
18168
11479
16198
3909
19631
16577
3075
7591
12503
5127
15060
4953
8495
15933
6221
6775
5552
8215
17707
15881
12382
9947
10820
16625
80
14984
3538
4750
6847
17637
9305
7809
6834
7590
847
19639
7741
15335
10707
9487
13240
9797
10138
12790
2758
15594
12736
16167
16446
14601
19875
3285
862
14310
19501
6145
10263
6647
8989
3461
7357
16732
11858
4892
5235
2939
7946
6862
4698
14799
19125
6709
5904
11102
2964
8641
4444
14341
953
4112
1759
19034
2042
19849
7568
193
16308
15736
16294
3940
16683
718
10210
19952
8365
6887
7560
17744
12593
7719
7589
791
11617
17182
2684
3018
19803
13272
14311
384
14473
3996
2438
16220
17122
6441
4121
5494
1808
8318
16564
14793
12014
865
10424
8473
4320
17058
11408
12751
18202
8408
4169
4030
7195
5360
15184
8159
4302
14805
4727
17968
7488
17906
19679
2585
15418
16338
6190
11253
16470
17004
16511
10564
14723
12506
9555
17502
9926
4653
9899
1131
11297
16297
18002
7907
12841
10442
371
15244
12737
7065
11051
18212
3362
14617
11840
8755
18354
5358
16540
8244
16113
3430
10981
7682
17098
3512
9950
885
12409
4946
9052
14942
17011
2196
18335
7317
11429
10524
5310
6036
4569
11064
13003
8015
6275
12042
13924
12775
19412
6839
16865
12729
11124
10923
6779
4959
12471
5726
11835
17229
11506
5497
7582
4877
2638
16785
3799
15411
18030
4813
2819
10886
2796
1862
4397
3192
18891
2828
782
8527
11109
8352
9297
9859
5629
14174
7264
4260
14398
4898
671
4572
8650
1937
9478
5297
15148
6516
13928
18119
2931
6506
6353
7887
14735
18685
15049
6653
2786
4190
17423
15968
14519
19456
17385
8667
8739
2223
16129
9016
18676
9956
13194
18274
20066
12492
15572
13693
19351
11749
5069
16349
13611
9476
13211
3324
10851
15805
15225
4672
18851
14068
6868
13795
3973
785
316
3412
13098
14841
12625
12268
8793
1471
3523
17764
11145
6520
15454
5875
15728
7158
16427
6959
3101
1868
16469
12654
16426
2888
17545
9132
1834
1891
11114
3968
1458
17961
19462
1583
2394
12911
17625
8988
6976
8212
7665
14795
14211
8820
18868
1929
10835
6003
20032
15457
15966
5319
13771
5534
9925
19517
5074
16160
17931
20128
14580
6704
17425
4331
6184
2732
8053
12890
12465
14026
1434
15277
15043
2264
6254
2522
6579
12706
2699
1845
5452
18792
17510
5000
12094
8921
10418
8515
3944
17567
5908
12411
1951
16673
18738
14820
6218
2704
17594
12482
14559
16600
15023
10952
573
9355
15905
12012
12252
11369
17105
19685
13498
20086
18687
8832
7203
13904
5093
9224
6448
13669
3302
4001
2285
907
10250
16821
14937
19262
11857
12199
5511
14125
3930
7931
6368
1570
19548
14048
19507
9838
14869
19231
8251
6234
17158
7307
15696
11386
9171
12970
8583
14293
16120
16980
6068
12279
9618
9602
16378
13912
5712
14826
12934
14290
2737
2733
12488
12538
19174
3606
15333
2839
16950
5816
19801
2550
3169
5133
3647
9511
12485
15622
2245
8493
12194
17001
12401
9854
12813
19178
12493
8364
14160
1
9189
5620
19468
8148
8532
9480
9830
746
15211
16537
10402
3155
4475
6558
18382
417
3960
7365
13506
14642
3868
15938
486
18979
18745
8896
7232
4979
11329
9897
13379
4016
15788
1673
11422
11693
496
2213
19212
8375
17287
9427
11330
16857
14407
8729
5171
2096
15827
4926
19580
7046
7530
4620
13728
16808
18017
15846
10614
4208
16691
3750
16627
352
11036
12851
3869
1850
5829
4300
20173
17659
4733
6394
10189
1936
11841
10907
14463
7375
9042
3731
1577
11548
9320
19553
6420
15032
13877
14806
223
10748
18725
17981
12366
16456
758
8367
8761
7896
3642
17954
9376
18316
722
2962
14373
5258
5654
11489
8822
12733
5382
1386
9653
1170
4555
14779
2717
10212
10081
1614
2240
18881
2219
6892
20072
17847
8471
19723
9607
8484
13481
798
10019
583
9196
11770
6594
19930
4988
10064
19708
19904
1794
1516
4153
836
14978
19225
11158
9385
12739
982
13721
1873
17220
17175
15432
14359
3054
13768
6788
7326
3252
14066
19441
7935
16805
17289
11453
126
9384
11385
5369
3200
5001
7841
11032
14784
2554
920
9210
8768
4287
16068
15536
938
10328
14809
12442
1942
7367
8802
14358
20145
3651
4703
8226
14605
4115
5346
17430
16461
10505
11560
6018
9176
15264
4425
8735
411
12205
9264
3708
16244
18953
16740
11808
13620
3079
16192
13705
3444
8531
380
10642
18903
10430
20109
5094
15026
5189
3097
10350
14318
8214
4470
7948
328
11537
9428
5021
3021
3309
16314
13618
5929
8844
6530
10275
19832
11398
19030
7226
6061
19443
6845
19917
13967
18547
843
19051
15042
16283
4532
7971
9909
7316
17424
17380
11627
11704
6087
14465
12756
6214
6002
8787
876
10267
16651
12325
8907
7122
5717
20146
1642
4079
19876
9333
2761
19945
3927
19024
8326
19927
1715
18737
17904
19882
12816
19750
10946
19114
187
16117
4125
7366
8469
16798
10492
9133
19454
17592
9631
8521
15037
9676
10364
5823
17979
12176
15097
1484
674
15578
6179
1090
9836
15833
9438
13513
14228
16353
9458
1446
6222
13629
83
6945
9018
10106
17790
5048
3199
3644
8908
13298
18293
2222
5423
13549
19070
17803
10394
515
8090
11350
12630
6809
16318
12132
8927
19203
19365
9075
18141
9212
1899
2442
2270
1833
15863
14284
17678
7129
4051
5628
1557
11558
8856
14146
17672
2030
12223
12616
17831
3109
7189
13478
4431
16296
5887
6979
19333
16393
16472
15880
9155
19
4441
2955
14738
10785
17022
15644
19306
12672
12221
13939
8926
11899
11446
11372
5949
6369
7034
13548
9936
11447
1542
18184
638
20169
125
18393
19788
12379
16794
10302
13782
8898
4728
16674
18093
16737
11241
2623
20171
11536
20138
15651
3102
759
6321
1482
1711
1191
18153
3133
6356
10051
3574
4319
10182
652
8073
11004
13757
7662
8263
11871
16868
14919
3667
6699
9783
16488
8028
2736
14443
17439
12655
12104
8680
15501
2303
7627
4739
6381
2309
16077
19661
19538
13737
8539
3447
2138
16957
333
5378
17421
17858
20176
5273
15328
7917
1063
2904
13709
13893
10386
2404
7051
5748
5719
4035
18231
377
9993
15497
12385
3649
18999
16822
18566
552
2978
8141
8026
12326
10293
15783
4391
19418
10076
6953
326
4235
15648
18624
11566
3833
14742
18825
10130
6922
14512
922
4145
18048
3770
13703
13408
18545
12214
8974
4012
5878
8914
3668
10156
2954
4840
370
1918
6963
900
19372
19986
2498
6474
12075
4992
11773
17765
12312
3883
9248
11315
19494
69
10009
2873
7328
397
16639
12063
11062
9658
2678
3268
11983
14645
5540
3845
6789
8572
2187
6357
15871
3911
4000
4933
5733
11044
435
14632
6870
13883
7258
7019
2337
13208
5873
18710
16082
11606
980
18043
6335
729
17003
10362
10446
9067
2410
8663
19316
6034
8536
18875
8183
12525
274
5377
2079
17973
152
12017
5780
7730
18921
13197
6921
10132
3142
19748
8796
5195
12976
4511
9969
1252
9055
10974
994
12049
19914
2343
14019
1311
9219
9661
9770
8711
14252
10556
6198
7144
9315
10451
6422
5984
58
10197
17745
1219
18268
3359
1661
7450
10337
7624
15118
17255
14932
7338
9626
13026
1124
14549
17282
914
15375
19806
2868
14159
3326
5052
558
14624
7241
18811
10916
10260
1886
13632
6993
3181
16031
10440
17202
12466
14276
1710
19650
3704
12274
8664
17848
19264
18934
16593
10079
14976
19524
7229
11708
5615
16606
17817
7333
7495
15817
5998
13641
12964
12708
12852
8458
7218
17085
13756
8208
17910
18421
16925
11738
18069
6250
988
5555
1396
11726
1300
1735
17138
4195
14175
10764
15356
14364
11279
13868
9841
1450
2983
3802
18499
11494
423
10522
12027
19545
5765
2742
6299
15655
12757
9422
3174
10977
14689
14851
7244
13530
19653
7045
5761
7889
11966
8371
15287
1919
8470
7924
2425
14518
12355
4789
15357
3116
14063
18278
19721
10061
11945
4130
9231
17846
16641
18137
11810
5473
5115
15139
19937
7689
14542
9812
19305
2046
13108
7762
8056
15689
10752
14903
19356
19670
17230
20105
6217
14199
7577
11093
13691
2115
6170
3955
18357
3395
18518
1338
4478
15391
2227
4982
18628
8411
6944
5424
5671
11648
12861
10856
1018
15504
1071
3543
2418
11921
13008
9965
6777
15532
10702
19702
12704
1605
17727
2038
10805
12464
10580
6658
4919
4192
17145
2047
10478
10558
18172
3023
8804
14094
6023
14647
10082
18261
7641
10782
5128
8202
13613
2409
13994
10114
18425
7139
10121
19326
19669
19527
8082
1075
15588
4527
14899
10669
8698
17611
2194
16497
1332
13850
7521
11365
3411
12978
8201
3187
20179
10075
13958
2688
12428
4094
6046
6048
17546
19389
19068
10224
2073
4524
672
15978
14935
16551
12032
15568
8006
3894
4785
3696
5463
9737
14270
355
3728
3220
14821
4673
7765
9992
13700
1879
7899
4202
19361
18255
11676
11243
7287
16659
9162
3148
7212
15383
9160
6008
2696
11943
6410
16063
9671
8239
8172
11619
17874
787
12423
3037
8196
2820
12522
6955
15414
15970
7286
2411
5304
5398
11480
11248
10826
5455
12591
17367
3757
17181
11399
8221
104
13285
1625
18330
19539
1417
1595
18232
7916
17995
13560
1463
8217
8105
11317
17602
2798
3856
14719
2208
14950
4046
4366
10295
11464
17654
17422
8261
11774
4725
18777
14943
13851
4398
13091
16223
15550
8492
12900
18010
11476
16204
5461
18454
4968
14344
4975
17200
8218
9161
15324
3901
2262
7784
12030
10943
1556
18134
14047
19075
15009
4132
12569
17508
17435
792
12953
3069
8390
8942
2460
2914
11734
15246
3124
17195
7728
6040
9191
12420
11355
10167
6667
18570
11665
13952
13049
7276
327
18281
5572
7922
16648
1606
12676
5926
15712
19892
12927
13910
15860
5062
2810
14301
7499
12039
2389
15012
16106
9967
12786
319
4802
4954
613
17024
2470
17188
8982
18203
18314
9883
13118
4977
62
11234
1142
8423
16877
16751
18263
2553
5352
16702
16503
17190
10465
1840
6817
14017
2332
11111
5293
10336
12865
18444
17002
2551
16573
18332
2773
4999
18530
10370
11441
5228
512
7292
4463
345
3156
13888
13161
16656
18514
7121
16571
10406
16275
19623
3553
7490
10572
818
3956
19408
1624
3338
8969
17766
18741
3509
13828
7294
17262
18476
19038
13645
2217
1900
2144
13938
1622
13459
9499
9856
5223
15204
17747
1784
8598
1052
13561
18506
14675
18474
3738
1944
16263
709
16864
18120
8731
1353
2880
1576
15987
11789
8922
16143
20078
6269
12305
6360
17986
14896
19189
7000
4649
2659
7345
18873
10065
8880
13212
3212
177
14873
15786
17646
10518
3088
8398
12112
1164
6161
15071
12255
3507
440
9984
2598
18642
15988
19718
17813
3352
17363
923
14600
2329
13945
2728
3384
13518
17233
9506
1534
16432
19116
13718
18348
185
204
11125
10602
4734
14582
19041
17570
8979
16196
6852
4462
13434
18309
13925
7295
12554
14383
379
8415
1665
883
17771
14996
17067
9383
13992
3245
8962
4884
6000
12670
5739
13783
8317
3593
8868
1349
13947
4746
15217
18205
9309
16760
12995
16959
11519
7520
777
6476
44
6885
19384
18431
7291
11796
7209
16921
2364
16357
17895
14607
10567
3702
17244
8140
17811
12192
7707
6322
19223
18041
20158
17094
2239
2383
5418
15362
1659
10608
7893
12773
9892
3674
830
11023
19809
13200
19530
2423
14967
11607
15509
15688
13527
20075
2225
13040
15076
14669
7977
7804
1765
8160
17900
19859
10644
3578
8666
17157
13963
4086
17263
6980
2051
8944
10905
9905
14803
2349
16873
13403
10274
9727
8259
15971
16893
13531
19934
1461
14595
9282
3282
2237
6157
8076
2518
19240
17109
16137
16392
10818
7525
12563
6587
9976
17949
16996
9489
762
10202
11976
1865
14121
13446
8940
11148
9887
8450
12742
13566
2762
17111
13409
6733
5040
19523
4113
18902
1415
6278
18129
16182
9079
15384
9474
17395
3006
961
10211
2533
2024
6773
4021
15673
11856
17131
16123
14330
18705
5288
17347
3253
1993
7736
5932
18042
4697
8782
38
6304
736
7174
15607
15459
2380
6949
16729
6041
9217
6058
3418
20201
12598
6113
14264
13797
1547
633
14202
19571
13271
18537
5465
7055
12899
12800
16951
3895
9440
539
12247
12498
6413
6732
7635
14459
15298
14460
3498
761
17752
9175
17096
12433
727
8924
18098
15222
14382
16495
15003
1437
14197
7982
5285
16799
15967
14777
18291
13682
2251
18835
3454
7873
7973
18224
11854
18589
8503
19851
14668
10920
3792
9221
230
1671
18845
12587
18619
8424
20017
3807
18770
12839
16613
290
13821
14299
11532
14285
15064
16168
9754
15836
810
1333
1644
4061
18487
12070
17939
8569
4559
16562
19799
866
5631
18387
2141
11756
19100
9444
15995
618
1257
11838
13490
10428
8120
14693
16215
9006
9256
17369
3853
11839
19592
15890
17159
12990
11405
13048
6122
16333
16372
15104
15155
5857
13726
1358
6983
8294
15401
15214
5679
18295
7852
2214
18709
19397
14971
8791
7517
14453
5394
5443
43
1517
6182
8
2230
20082
15343
16863
16754
5945
12785
16986
12069
330
11820
7768
2663
720
4269
6981
858
4854
7798
13458
6141
8216
9205
11046
14840
9722
18655
775
9593
7829
18386
8889
13343
6080
7920
14495
15569
18670
7389
10730
9745
14656
1843
17762
10325
18413
1666
12660
9078
1123
14606
1956
18647
10969
8939
10634
14429
15147
3820
18828
13582
15638
19358
19757
7469
14523
398
7774
12113
10941
3746
2093
6078
532
1296
18656
4842
19634
8669
7561
12149
5158
9345
17033
10760
5996
17946
12618
387
12930
19171
4943
14725
15437
14346
16420
16132
11847
12307
7086
386
7088
13037
7539
16817
10347
10086
6193
3062
7595
14986
12399
16255
3782
18458
5811
16938
10363
14712
15490
279
3942
3288
19696
3884
11265
14147
16304
4689
1341
7870
8313
17554
17581
3284
5543
17087
17603
1023
3761
7751
18662
6519
11987
17448
1134
956
9670
18060
6619
17016
6259
5909
19386
8003
741
8626
5299
3954
9509
6411
19184
16791
11352
15221
7840
7785
15804
14467
18450
5451
8223
12494
14220
5713
5323
17577
18911
16124
12345
11428
5428
11604
10148
16563
6651
4851
3880
18604
5303
18618
562
3739
9010
12778
20099
3827
13355
18758
15899
11119
6850
11582
7284
4791
1914
5802
9218
16716
10581
16964
18945
19177
18364
15586
5666
10023
18074
7005
2781
13708
13344
10976
2253
6150
9690
9392
17324
4505
9062
19141
10365
6326
16543
6724
835
906
17017
17107
18513
7341
1775
14975
2128
2106
9628
1709
6929
11333
10067
314
19570
15802
17798
4233
20011
12702
14069
1566
1670
4551
19852
18610
2367
14118
5667
3042
13845
11001
10819
12212
11423
3223
7855
19518
19879
18853
15711
16121
12958
3139
8210
12551
2716
7507
17902
1987
681
2646
13385
4951
3239
14387
18271
12126
13698
16407
1626
4645
3267
18086
5709
11714
6226
1049
16238
5168
11953
10627
14711
18057
17555
10657
1403
6643
19933
11868
9255
13889
2861
5086
2823
6340
2376
10938
15923
6552
19147
13260
9894
7634
12370
5202
9871
16416
17117
13310
9390
8162
2846
19759
11406
19314
19902
19826
10011
267
769
14156
2361
7456
1303
18076
3974
17337
13668
2690
9523
6073
9837
17029
2938
15473
9451
16005
6069
1269
13981
15150
16496
3816
15300
670
737
18333
5522
8610
13520
9824
12120
19332
7136
2881
5583
19018
12136
13077
19734
16764
5434
344
18304
17014
3401
15323
4018
3841
6483
16092
12145
8332
4627
3640
14736
18923
2499
11948
17008
17040
1235
10060
5329
5651
7480
7581
9147
738
12938
5846
2157
2746
13892
17591
4956
9746
19830
14457
4563
9924
16400
4140
7273
17656
3602
18762
3926
8189
7084
15521
13369
19496
7011
11725
6744
6948
13020
11475
13634
2919
17750
514
3620
17225
3198
111
12844
19498
8379
18981
19275
2661
9621
4434
4677
8899
2890
4122
4062
144
6624
18419
2056
4923
7401
18050
6316
12925
19403
15710
20118
1953
8204
226
1475
9459
12515
14170
16279
317
10217
8430
3681
11454
369
8588
8987
17056
13106
9153
2375
4714
9238
12917
12143
14173
7270
7363
15843
8284
5162
7969
20163
19915
9630
19467
17077
16188
18940
3484
6334
14231
16014
13781
10659
807
13422
11898
10062
2844
5538
1055
4687
445
16761
1198
3029
17982
12367
11636
15814
8657
7779
19689
11263
18648
5980
15574
61
5614
9187
1392
19452
12397
8175
16004
18644
13436
18411
17351
3000
4054
9442
12193
6676
1857
3193
13502
19647
17839
8497
9772
1100
14534
6
1856
17940
4686
16088
18614
7527
5430
5300
19797
7821
4449
12256
11401
8769
3913
16335
7033
18229
16233
1996
7766
12079
13393
18345
14432
6802
12452
12688
15593
17711
3691
9915
17291
16208
9684
6125
17442
8957
12018
17382
5500
17493
4638
4731
17586
11942
18752
17446
9150
10257
2921
11788
9491
1329
18897
12034
56
567
10821
487
6248
13568
20111
9530
16468
8885
11002
10765
5164
20069
4576
11296
490
14695
11005
12008
14889
13362
6458
17829
19891
6399
1280
2201
6566
18768
17203
15979
9771
17827
10829
4717
5031
4600
13954
3154
7165
8544
15098
3703
16594
8801
8771
4205
9710
18495
11136
14210
10133
13744
14831
8299
6904
1488
16890
15182
17620
2048
9610
1422
12432
9496
1690
9461
2739
14800
5986
2759
6639
17328
3002
3048
11941
7354
20117
13794
8014
13462
9648
15960
3666
15529
2725
13029
10470
9600
6588
17664
569
9135
5662
12272
15160
1109
8242
11901
2527
5113
9941
14767
19173
12787
17693
4995
8778
3778
14729
8582
203
12820
18543
17249
16779
11851
9980
20056
11674
13396
8766
1273
19600
10367
849
11319
10228
17650
11393
3095
2621
15671
10335
4981
2158
18220
16267
12764
13526
13062
20191
11054
16210
15601
8851
6657
5313
1480
1779
9998
8941
18006
11366
450
4930
6287
6568
10631
7266
11183
991
19022
1814
12
15707
3774
19554
15195
969
9855
1989
12365
7868
1110
547
17365
17626
17772
4186
17758
13448
373
3317
11719
14265
10930
16638
8091
7890
5005
12868
18885
3809
16264
17261
12258
13179
13866
11990
14972
7109
10997
1034
6473
15963
14274
15965
12590
14535
13318
6187
11411
14105
3294
13674
5803
15580
18651
16841
13163
6027
8256
6279
8252
14280
18922
5365
15943
18573
17889
8751
8378
8765
10144
17820
16399
1558
5185
2322
13054
10055
1377
6688
4002
17234
16499
2464
148
9739
19737
12765
14569
12903
2999
3419
19490
19055
12808
13780
2776
14933
17295
16109
11533
10863
1234
11848
8865
11228
1871
15218
16377
4177
4908
11711
16509
13127
577
15608
20185
19619
17227
15055
1847
974
12952
5435
10416
7929
18400
2526
90
17891
19040
14623
9493
13540
8930
12673
15138
4663
6703
4371
4921
7392
10031
4448
3286
20045
10872
834
3559
4327
15587
11935
2867
20119
16880
15837
9891
13060
4810
14511
14709
18933
5457
3601
1585
4438
12959
19925
1321
13670
12548
11232
20207
17073
3762
20001
10299
409
9634
16712
1594
12674
4069
7095
5621
4987
14856
11601
13576
9732
935
18977
13292
15340
14431
10028
6052
13642
15304
2982
18488
3188
16498
16387
3494
15747
5798
4668
16419
18704
8382
15368
4229
8964
10410
14008
4781
6042
17872
4692
10772
663
18322
9549
2451
16136
11072
15920
17144
11724
8166
19824
17732
8122
10173
3052
11419
18262
232
16815
12146
13010
10546
17753
18859
4088
3437
12524
15183
11327
5034
20002
7985
2491
18046
10176
16977
14824
19091
6902
11415
6920
20108
13789
2546
19235
4004
2278
8200
7859
16023
94
20003
14754
15080
13217
15956
2772
13677
7280
7786
20052
3958
220
2803
3684
4784
14499
15834
10604
15908
1582
14135
19295
14207
8012
10153
1443
6029
713
1199
14507
1405
622
17653
12832
9864
16010
6523
6583
1166
1030
17702
7374
10437
1567
10258
11920
14700
7412
9139
9382
8361
6303
703
12349
19954
18708
5467
1019
18
16211
16273
5268
8655
9482
2506
2703
1143
8092
9398
9955
17868
5542
18171
9269
15193
8845
13192
16915
6364
9707
13854
9918
8372
13480
3051
9300
4439
14003
16855
13871
8806
665
8001
19322
10259
3886
14789
5547
10780
15092
13180
8395
12429
9816
17256
18477
3790
14659
4103
469
4212
2863
13814
1308
5232
17035
854
1265
18783
6164
7828
6607
17143
12160
13803
1447
19939
3984
2036
11371
943
880
564
15400
12344
12285
9284
13142
7348
9411
12589
1600
167
19417
17601
5392
13050
19237
8954
9988
12666
10419
4409
18789
8758
19343
18249
17953
11035
5384
7995
7182
1119
10003
14807
18106
12102
16002
12954
10384
8164
3969
2472
6941
12229
5795
10779
6348
8128
11495
18588
1589
6990
17870
14717
13538
1448
12869
13694
19814
5348
18755
16234
3065
13492
3623
4204
18100
15483
646
19066
2908
15334
11300
4901
5650
9361
12904
13027
18817
7092
16460
18925
8005
2552
13657
2179
13348
18459
17784
11863
10746
11991
18957
4451
4907
5446
18511
16652
3541
4500
3216
11970
2064
7293
1859
13724
8058
18250
2102
9192
8329
20196
8279
751
9143
15699
1695
2355
14574
8840
19213
3059
11057
17862
9769
7522
3126
13266
3499
9565
3855
7772
16034
8388
8285
3672
15928
17288
16961
11589
13206
17272
1719
2435
13096
9236
1210
14065
313
495
7114
7817
15082
2672
7072
5793
19346
7518
2567
5092
13755
12611
1202
11900
6946
19209
19166
19728
6567
6612
11588
5032
1682
18370
16257
10004
2307
5902
2040
17440
9639
6251
10607
1080
11199
19872
3367
14164
8591
12352
13563
8958
18472
13132
9576
16804
1424
5677
8980
18044
12459
5131
6942
15555
18982
15632
16505
15034
8126
9759
6576
19072
680
14791
18475
17951
710
10919
4974
12387
8404
4910
5642
7085
2644
15869
820
18974
19793
12372
5971
17366
1362
6338
7308
9223
17503
1182
359
7554
14944
11467
9416
620
19983
18615
1168
17706
7737
17467
15709
4931
20177
17238
7022
12584
13773
12848
10515
10678
12066
7576
17881
18426
2578
5390
9711
6213
8131
15137
11917
3734
9203
16047
6283
1965
11171
20101
6650
10277
6376
18251
13070
2391
6271
6200
4361
4308
4957
5947
20194
8946
14049
17768
6625
4339
14153
16680
3531
5405
6561
6901
12578
10703
15882
248
14109
19394
14038
14126
3865
18280
17754
16345
14442
7749
13971
6586
3951
3210
16138
14627
1148
19080
16184
13886
5994
15549
14120
11852
10434
10902
10264
10459
13402
16342
8072
3339
3183
15069
17966
5400
14368
8416
4312
1734
2413
19221
3277
17410
17578
17550
15471
10885
9534
154
12734
16272
870
13267
8923
16227
9588
6143
8464
2
17310
15044
12446
5724
19798
18517
13687
4369
10209
10535
10940
11510
19289
8355
10530
1107
9156
1481
13411
7733
11706
5936
11274
4823
8118
19307
13667
11460
9465
4063
2993
13750
9302
20037
12749
9699
8747
5830
175
17994
11144
16148
4329
7234
14501
12053
2859
1807
13290
11700
2511
8807
7640
6486
9447
19416
14796
12410
1687
16696
20044
3390
14408
16917
15450
8511
4552
6968
10187
19422
7001
11485
19923
7443
5429
888
3032
196
6499
10908
14376
13785
14179
5960
8900
7523
8199
19966
10970
5972
14456
14080
8517
15453
15047
14670
5137
8366
1677
18398
16516
5186
7186
17630
9704
19800
16363
10827
779
14751
10650
18713
12659
11911
13917
960
10213
20188
17239
16631
13650
3143
15231
8452
9158
1334
20062
3717
1171
6731
3793
8359
16745
2788
5247
8904
19543
14916
16952
17692
13244
9393
18180
9777
19014
2107
11989
18012
17392
5788
16714
18722
6377
16020
17957
10027
6021
323
16661
5950
5340
16310
11204
9306
11197
12022
6159
13774
20070
11580
35
19023
17224
14011
5315
9846
15565
9111
19808
19932
8093
4256
10039
9843
8230
3465
12745
12583
17184
19544
395
4240
8150
16130
1506
766
181
13717
17254
19019
3261
7721
227
9430
17623
17908
11270
1483
11608
17132
14155
12937
4294
13439
16170
8883
6477
3105
898
1743
890
197
6373
19984
9388
9606
4200
1135
13862
5059
6950
7318
4245
3879
8327
4293
6375
16558
15239
15982
6128
1674
16685
13286
14920
16598
14116
7592
6416
10139
19077
10405
15382
14816
774
4146
16478
11437
11011
3846
310
3683
6855
12237
6324
14583
13595
1368
16678
6425
16337
10046
3540
13169
1822
3561
16797
5672
10398
5025
14261
11527
14699
2241
7616
14478
11975
2313
1371
1528
17609
12576
3201
5345
12407
1076
9852
7172
1562
773
16463
16549
7426
213
6504
10555
18363
14181
1047
13095
14201
8289
2990
18047
10083
10512
17999
17152
5324
15986
6906
1370
1849
16556
18237
7171
15128
8037
17806
2243
3777
3579
2328
7738
5317
15756
14979
1250
6109
2221
17041
16976
10408
9373
243
14893
5210
4417
13377
10276
16030
13140
10980
8180
1101
1192
9559
1423
14271
14111
10146
6545
14621
1003
11572
6466
7932
6100
19229
18821
13412
11287
4792
1652
5967
2922
18394
7881
10439
4099
9567
5921
3408
19207
5160
10955
7654
145
822
2319
16361
16052
12658
13470
16536
5602
12472
13360
5933
10557
15114
10450
1672
20106
8479
1038
5521
5270
10218
6982
12198
6362
17907
9668
15524
16150
18507
1120
3920
11078
14874
8717
9655
16050
1102
7846
4775
10715
1790
11170
17125
1887
17661
1054
217
4609
8077
12986
8869
2912
6051
5820
2489
11727
19863
11237
208
20073
16759
16481
12475
13990
3349
11034
11696
8742
8432
18948
19603
4612
3476
18117
17391
13870
1173
1634
3011
15488
9575
4942
1239
15548
4315
4353
999
14437
2449
5286
7067
1470
8400
582
9138
6740
10286
13386
9779
2495
5944
11505
14759
19858
7449
17815
11313
7754
6764
3281
3137
17402
14258
2289
17793
1981
12517
3983
12605
13586
3472
1317
4917
3206
3056
13935
581
11164
7680
20112
10352
10954
1893
7058
18761
18201
934
12915
5256
17108
11616
2925
5843
1160
17642
8127
19374
17292
1707
11425
6107
19265
13190
5211
17691
12461
19430
541
9131
731
13559
19251
2458
12077
20170
16883
11849
13738
4671
9948
13840
5928
19340
17530
412
7900
19673
8629
14295
12637
4389
18528
7542
18228
16189
4395
2109
2076
8996
2188
10034
7930
3429
11712
11972
12289
18558
4730
6829
11027
19059
9641
18235
19908
5841
14812
19395
12731
8546
4794
2593
1748
855
17069
8760
7478
15151
18188
5681
6871
5420
19426
12996
7713
19794
16075
13305
6678
12117
18678
13672
11336
9977
6390
10784
16982
16900
10635
15412
4528
4989
9003
14853
3103
4313
12043
18290
7644
5028
5989
12394
14581
13454
2356
15091
12244
9547
15528
4866
16650
9030
20137
4567
3013
467
522
9971
20181
2633
7017
1473
5550
147
17401
19185
17855
9741
18500
15552
18325
4948
18730
6308
11000
6446
15388
16909
9726
5312
4579
13758
546
4581
16926
19999
9730
13032
18654
4965
1523
12242
16935
14974
17317
5295
19739
14177
16528
3372
10893
12716
16694
7629
6893
4274
8911
3990
18221
9239
7960
2529
6301
17217
3625
19870
5613
19117
13204
6527
19194
14579
6853
7062
16844
12860
13186
1275
804
16889
6084
8555
14892
12709
8516
2059
1592
3203
12055
15621
19581
18434
17305
4473
378
18910
9004
8405
16609
13227
13673
16012
4352
11150
20096
98
5470
13539
7702
19362
17978
14598
8728
9550
14064
606
17876
15613
17947
16365
6130
505
5545
5577
19659
2768
3673
15036
3067
19274
7066
8067
18636
3546
4826
10880
10695
10968
4966
2445
7206
15991
16508
15197
20200
3870
171
2031
12150
13887
2840
10159
2206
7388
10344
12963
458
5942
15895
5376
7199
9026
6114
4188
19377
13317
4690
6591
15829
13835
18211
3748
14788
17652
10989
12400
3715
18854
3313
1980
1651
11515
6367
7512
9286
664
19886
14921
14882
7673
5797
20040
5736
138
14774
6355
16069
6096
7035
7815
114
13056
1373
14633
12866
1954
4522
11131
11825
12271
19181
19682
11083
1551
10118
14092
715
5744
10926
4756
18399
2228
2171
10681
14321
13336
15278
8059
2276
15331
16186
9011
8632
19763
17370
3594
1760
18114
9767
9858
8864
1174
11830
4430
14651
15845
7214
11794
7693
17663
19450
17103
7381
2714
18915
18571
5982
2412
16139
6093
18509
14715
739
15339
13633
8736
2148
10379
1246
18179
2754
5660
4164
10845
17387
2549
18068
14660
4806
17068
17110
16269
18955
15259
12292
6142
14096
13038
13858
12827
19150
4718
10397
74
10508
9076
7438
15445
19804
7056
4028
2871
13827
17519
13083
8205
9362
6332
16380
16826
5486
13655
6563
18095
6954
6743
9406
15491
19432
12202
1294
4207
16423
4636
16616
3915
8060
6835
4402
14107
5230
18104
9990
11465
5604
11210
11016
4143
10484
12663
11414
6451
18244
1771
1501
7151
7021
16607
17396
12392
8368
17549
7213
14275
3519
16280
3296
19193
5217
14947
586
4400
4735
4226
8234
11438
1499
4737
12942
14871
6627
5586
4045
19439
5381
13241
3460
6633
13517
1864
18788
18890
5564
8819
15508
14081
4654
5267
13762
8744
11798
12073
2232
16222
15068
6994
8041
14690
2154
9170
17090
11233
983
2711
18987
17589
12613
8696
11996
6016
9900
8678
8491
4525
15120
11517
2528
12362
14390
601
6754
2119
5087
4246
1884
108
14730
3262
4537
16970
6102
11420
16908
12383
7652
360
605
8188
8266
15803
7126
9862
3840
9014
7379
12091
8478
15693
18200
18403
14514
8232
16098
10327
13980
19764
11268
9878
15101
6392
10403
12101
10207
18101
6590
1222
17407
7255
1391
14132
3866
10802
5150
18233
11846
14018
6991
17956
10866
8466
4025
2956
2444
8392
448
10329
2101
4321
12804
1103
6810
16520
10890
19941
13951
8182
12557
19290
17496
16344
18732
724
14084
14309
3237
16587
6310
19754
15687
2848
6152
2234
13024
18452
1384
8918
13609
11133
5330
14765
5670
10232
14245
15656
11074
9902
19109
16482
958
5030
10393
471
17080
16824
15378
3754
5544
11954
2785
8095
12072
18810
10945
13685
14015
1912
14731
1842
9144
2021
6508
18985
19823
11444
14165
11147
16486
6756
18064
9750
16552
1974
3298
7685
16895
2987
19179
5368
10044
12336
17441
14367
19458
17444
8690
6738
4713
7299
5099
981
11359
2182
15083
1367
430
13584
8349
5804
7267
3329
2834
1195
5966
897
10584
2655
17804
8519
14032
6155
5364
9118
705
10594
7953
5296
5925
4322
182
12752
19834
9793
10422
426
18883
15087
2588
17250
16241
15122
1408
8730
18015
2811
4707
14217
17319
2691
11880
2353
2791
11174
610
18581
18059
10423
9664
16533
109
5395
5472
7364
913
4306
11349
16866
12375
13507
17472
13579
18308
2627
4393
14244
6697
19787
12553
11357
17501
10315
15867
5191
4286
3120
5871
8155
8197
13553
19762
3530
12743
10235
15790
14696
5849
13125
14297
13567
16018
17114
12078
270
1059
1281
12154
16059
4578
10892
13986
4275
10110
18843
7649
13329
11909
8772
2431
18254
11110
10571
10865
3130
5992
12092
7331
3241
14464
2726
14166
12686
8643
6317
4870
19874
2865
4940
5787
19813
1416
2384
18611
9789
15930
12741
13028
10723
579
1772
4964
13731
11853
9688
1291
11173
5458
14214
156
18453
2821
15096
1655
20100
16114
3074
10996
4911
14575
17219
16903
16422
9996
2756
9027
19244
18138
20149
931
5291
6487
7650
18826
17172
8132
4762
5058
13865
5083
19694
7683
5396
16989
14850
10458
17808
1788
18440
2400
4553
4131
5630
16076
3658
18075
9080
2476
19257
10461
19187
1935
16149
7553
11944
18136
3670
18320
14981
2764
1156
4009
63
12711
10961
9541
2780
14855
466
18569
6907
8034
10743
6984
14830
14009
3043
5939
2108
8557
14014
10799
16370
11893
3919
18336
15213
15094
1146
6197
6529
13763
8608
11707
10035
7265
5159
16265
5599
2815
9017
13207
7377
12972
4071
15199
4097
215
10237
1880
937
16232
19260
8990
2095
7157
10073
6017
8825
2202
8235
11316
17759
13593
13982
3535
6701
6894
2193
18991
2401
13259
8320
2915
15791
17335
14592
13753
19549
1004
7983
5941
34
19606
6622
4722
10660
7156
9791
9316
3948
6285
17168
19158
19199
13113
5592
12512
4639
15337
5707
1962
15785
4862
7583
9970
6961
2044
15206
6358
4533
14890
18328
18197
15315
3554
19719
1442
322
11562
5832
4176
8665
5301
20180
6702
1429
16998
5745
66
19678
337
5750
7277
14342
4422
2809
13863
9056
9287
14786
6500
3805
11175
1270
658
18680
18493
13890
17153
566
3147
3892
14288
16618
10407
17598
10734
18593
10850
949
15983
11803
15291
8732
12560
1468
17323
8045
10415
10008
11597
10199
2965
18658
8247
19533
5580
19550
3518
15153
17192
2281
15639
9951
5987
15165
19520
14698
19951
1668
8385
9790
5570
2806
11067
13749
8514
4808
17473
8130
13555
13767
20034
964
2160
1383
7482
4266
5953
64
19121
3686
18815
18967
13168
5314
3409
17842
12200
14961
4621
2961
14108
7400
2301
6818
9106
6865
13867
8173
3680
6180
15470
14486
7547
18797
10840
15484
15366
9088
7432
15581
12521
7281
16718
13116
7030
10671
1048
4662
8383
5692
3455
16578
3693
8190
15999
2325
10038
1282
12696
14928
3635
17905
11784
13248
3084
10431
9691
2544
30
2415
4437
13690
16645
10517
10069
9265
4049
11947
14241
1546
11906
509
8054
6661
10992
2980
2557
15039
6297
18876
12891
14042
7162
10429
16888
4650
3477
12437
2126
13414
9604
14510
2715
5182
17736
14129
19867
18083
8453
70
12621
2293
19299
11008
11321
15993
5895
16067
7535
1286
8291
12148
17665
6350
5147
1763
2226
17330
6289
734
14969
9895
17032
7746
563
11181
3638
14221
13960
1994
8615
18665
12992
831
3319
17042
3887
4282
14306
19050
3500
6592
12697
372
12005
451
6808
3610
7936
4491
18831
14822
13976
13847
14593
848
12766
8647
17456
1302
2371
5200
13839
10621
14934
16157
9775
8048
11865
14532
5955
1393
13177
13404
12035
1824
7856
9064
18388
7933
12957
7080
166
919
16284
19132
14743
9825
5821
129
14034
6126
18485
7775
13368
10018
7044
19276
14103
12277
1382
12402
4239
13482
17945
1930
5347
10783
11529
18862
9949
15997
6900
8195
18065
17636
18866
15645
15295
15782
11335
11508
17761
429
17154
2428
10781
7154
472
11012
3867
11891
3004
9129
6479
9085
9380
9616
2603
9805
17113
1223
8402
13089
18998
7433
11061
5469
5272
3489
7871
13765
13662
686
2924
809
2747
10246
1456
19825
15891
8821
12514
14502
15955
5425
1365
9561
8925
14619
4138
1233
10791
4824
5853
17469
19599
18323
8843
735
16144
4345
356
390
14441
9313
16657
7688
12084
6915
11367
3891
17869
18045
357
4029
9125
17928
9312
8303
2677
15894
6531
9168
404
11630
3176
5747
16628
5173
6071
14701
1136
11388
12932
18617
14493
10389
11554
15397
11375
15953
8071
16218
5073
518
18906
6881
16061
17458
13365
18512
6065
2104
11282
452
6863
3323
1455
231
11115
12445
9966
18239
11878
17173
12961
15822
4542
14815
8325
3735
3953
464
18565
17741
5504
1196
18544
4985
18580
17778
15897
9574
18701
18186
13779
6443
7054
305
2242
19668
1800
12912
4298
5694
7942
2022
10848
2619
5241
2609
4804
17769
489
15387
17599
13772
14643
7564
19974
4695
5568
1200
17050
13090
18282
12665
12703
14664
5537
3214
17018
9935
4834
10739
3501
2709
17006
9490
11413
5548
10494
16973
12040
4560
1409
4037
17824
5822
10525
5170
10456
6056
13664
5722
13346
14667
5260
7262
15547
2674
3713
3873
1986
18920
13615
4837
15579
1694
12269
10544
5961
5727
11755
1586
4724
10640
19731
13431
3837
7963
14106
19612
17191
4888
16892
346
19366
15249
1419
12535
9494
8943
17475
13042
6565
16078
16057
4098
19348
5524
15758
17048
12858
12158
3031
10157
16768
15322
5708
115
4081
17941
17699
17349
14504
4023
18174
6686
18801
19771
17837
3810
19774
15877
6077
2294
10316
10538
14247
929
14565
19691
16557
16151
6219
13544
10426
7231
19561
19749
447
13583
6663
7251
9182
8377
10786
15602
19595
1449
19761
18778
7107
11022
6660
3087
11559
453
16209
12862
1653
8660
17532
768
19976
16566
8564
16705
1812
13133
6611
13219
13325
5036
10927
4857
3628
2373
19744
13950
8673
13715
1746
18946
5659
19674
2346
9001
17571
17156
13546
2807
10221
13349
8343
17477
18246
18894
18447
7368
1636
16878
1331
13187
10528
15252
5589
4706
12918
18039
7659
3980
1739
11866
3906
6162
14989
2105
4038
9250
3664
1907
8124
5294
12435
16007
5839
136
14962
12460
4520
5121
8805
8439
4643
925
4778
871
1679
10563
6730
6379
13153
19789
11098
12133
15704
15927
15256
8754
4168
4148
14951
15724
19574
8842
3272
19352
14720
18715
6864
17030
1938
19479
17788
9763
4927
13488
6602
19369
20061
19076
4993
1180
3979
13261
8097
9113
11207
8973
4193
13769
4052
9551
15024
5863
14403
824
14428
14904
7858
18033
14208
13556
19182
1676
13659
13238
8341
8233
15592
3432
17675
14854
11427
2305
14338
7384
7792
18321
9544
18491
10355
11346
3904
2271
15088
11985
4782
9596
1958
10310
13666
1620
18122
7325
10251
11702
7759
794
11351
16814
7501
6728
9146
3994
16100
16013
20060
8369
97
19546
13902
19928
2012
11543
9624
4262
4183
12240
4251
11081
10778
218
14059
1293
15202
5456
8149
8161
2398
9066
12320
11010
1545
14762
16465
9985
12767
18682
18355
15980
68
5459
15941
17492
11218
15363
7764
11340
4920
18540
257
12405
5344
7406
12058
11376
7116
18912
14498
14926
11240
14772
9502
6135
17890
8187
17930
16872
955
18343
3733
11687
7098
14043
16327
9875
3034
14308
19010
3899
173
904
4700
15823
17948
12509
17671
20140
17118
19094
18989
19562
896
14764
6359
11106
10828
19865
4865
16590
11205
19360
17760
8265
4623
16366
159
13577
1667
8031
16624
597
17726
13918
16840
12973
16699
14203
7910
7168
2991
5060
11223
13399
6875
13907
5322
1952
10732
675
9321
3496
3752
16881
17433
7552
17924
14555
10777
1435
15440
16451
20178
16653
8541
8550
11092
14333
4149
1737
10770
10488
10343
4373
12210
7505
14584
14661
9040
3350
11661
6038
17104
9186
16891
2147
17710
11997
2784
12910
18712
14544
17773
3577
13390
18471
13004
18560
9811
18735
6656
3617
643
17197
9471
20092
15309
7585
15973
3405
16708
14418
15719
6099
3215
19272
4184
16026
2178
6710
1799
3749
4783
13453
7025
4456
10771
2238
19601
1231
6319
6057
16749
8276
13094
16836
659
13312
11481
2172
14817
11358
3086
7064
2033
14484
2822
7548
1298
19598
16146
12295
9933
17794
4228
17639
7003
9273
13822
6956
12948
19880
16376
3759
13157
12627
10072
9553
10551
4154
8409
8079
6127
1510
1685
6267
11095
12750
12259
10709
6261
1078
770
11621
4548
4254
17662
6168
2740
12822
1152
7797
9619
3039
7919
18145
576
3091
11225
13846
6736
1041
5134
5320
17783
17403
2283
19828
10988
7891
17499
10326
14072
8258
13991
13592
10705
17959
4757
8129
15554
8374
8718
5977
13022
1593
14644
7123
5414
12623
4299
7475
5335
4343
15285
10116
12051
20161
13359
11967
3122
9649
6649
15619
2286
9434
3726
10226
11226
18502
9539
4543
17343
375
6437
15774
14867
2248
4292
1218
4264
253
3633
113
648
8186
19949
18266
14305
18013
18790
8872
16225
14384
6178
12814
11019
2532
5652
10058
1970
19537
19700
16080
1714
18375
12643
20114
14973
16221
1163
3521
15109
1513
10000
9860
17861
5610
11058
3921
11658
16835
7551
10383
19107
4519
5781
2877
10720
15053
19015
18562
6832
4745
84
851
4386
7771
6664
17049
3722
16721
18418
19481
10838
12671
15178
8589
18196
18084
4678
14556
3676
9285
3078
73
20192
7047
10801
19321
20139
11260
5361
5328
15001
1588
10993
18383
7892
10010
10409
6943
10921
18003
2864
19381
1285
7243
18695
15809
1351
16634
12896
4334
916
5325
11087
11344
19564
20124
11671
9757
11915
7230
202
10680
13636
18716
4774
1820
5079
1559
5626
903
10143
619
7454
15505
3197
10178
884
3600
711
1005
1266
184
17774
10643
2368
170
12368
18827
13257
4835
783
10904
873
8510
10822
19170
7288
11874
413
9107
17464
3265
16081
5999
3659
9720
18733
13729
10979
11259
13796
10749
6684
9407
14752
8246
18061
16546
6224
9025
16046
10701
2805
15461
2094
9643
4084
11669
16248
6167
13216
13181
15904
11275
5275
1027
13137
17060
1125
10125
13237
10626
10147
13476
20144
17453
4261
19535
7534
13332
12083
6330
12434
15359
13805
13766
11267
7378
9820
3396
6370
19747
13745
4356
12715
2139
10666
14178
12640
10947
15748
4304
6534
17325
9766
8788
50
1858
12334
3510
11089
10435
3440
2150
3077
8287
11952
2077
1881
2233
8152
15730
16037
4332
6939
13654
17513
17273
14999
12476
11563
15238
11356
16491
9928
12296
1535
17821
10769
12997
3787
4144
7306
18519
3290
19258
19161
3058
5041
2290
6175
8417
16530
4681
3182
7445
4776
3450
16666
13621
4220
4575
11395
16928
9190
7425
15718
3851
18806
7459
7263
17676
3331
5337
6573
1267
16816
10020
12784
6298
10576
17572
16213
7409
8727
7847
635
13554
1364
611
7376
10166
10605
19078
14586
2685
16
2570
10111
15853
17116
12041
10593
4617
4891
12253
6183
18469
6421
8562
3209
6498
13653
2471
19230
7727
9215
13425
3248
13610
13809
7845
10332
3381
15828
14272
9640
11605
5422
14425
16847
17856
15573
13786
10795
12746
16095
3852
749
10811
3071
6384
12406
2405
12769
12691
8110
18751
12523
19005
9873
1094
16756
535
18841
18190
3022
1662
19613
8267
17912
8862
10361
2629
7387
1238
17535
14702
15533
10532
14021
3158
15631
13486
321
8993
4216
8019
19164
10817
17361
13959
5010
10606
13400
7397
11291
8357
7204
7596
4419
5845
7674
9037
15935
8042
12772
16490
15522
1418
13253
9395
7996
2976
10262
1037
12260
4529
1713
3483
10088
1889
10632
10141
6670
16810
4577
15773
7838
18226
12114
17605
10236
5913
7465
10674
13100
2852
240
1863
11598
4083
5690
17584
4709
10382
13433
5507
198
9024
19868
5480
11836
19156
7036
17384
8115
17520
14833
7502
13826
19079
16298
3459
14150
4765
10357
135
6737
18277
15676
7100
18208
6165
17208
3534
2708
5224
13896
17919
16946
12699
2614
11723
2086
15807
9698
15884
5838
21
19953
5618
7298
20043
5715
11079
6505
12454
11971
13057
6225
5442
39
16742
12779
6608
15274
19646
17482
7399
18818
12393
10180
12923
5767
2440
16453
16975
6618
2538
945
20031
15523
17065
15260
6689
7998
3624
16832
16700
4257
6320
2866
1151
19772
13501
8818
3393
14375
17512
17211
776
9773
18270
3555
4972
12059
13033
1616
2315
17302
2555
11968
6258
6148
14253
6895
6711
2779
16992
6793
10533
8457
8347
11391
16707
10053
143
4330
14188
10090
16236
4289
5935
2195
8648
11764
3609
4461
4198
13911
9733
5063
3421
14194
12275
112
1693
8674
18596
3592
1320
9731
20041
14706
19998
18371
16201
9151
15517
7666
15266
3993
19473
11795
51
2111
16514
19139
17079
12447
381
17149
12924
13438
11999
17832
12812
1872
2145
7245
8057
4050
16997
17210
4268
8953
13719
17640
10150
16966
2883
11309
10986
12087
10645
12000
513
11913
10101
16102
6925
19651
18895
8616
14634
12152
5408
1669
10915
14060
6412
19683
16884
3769
8023
15496
12254
15767
19474
9893
9399
2926
17389
11843
158
17215
88
12386
19095
19245
15223
9121
312
2098
4064
12747
15133
16492
10876
20107
8642
4487
3234
8142
3221
19470
18935
17835
15526
14861
14756
12721
5239
19605
8601
13574
15735
11570
11514
5665
9061
2032
19248
811
4922
5126
13580
15750
6857
5209
7981
1876
3989
5763
3854
16268
5122
2521
1949
16278
8340
4605
8036
132
17304
14755
3714
2946
14140
9188
6776
7167
5287
2801
19313
10694
990
11668
20189
14865
18005
19871
11775
9558
16466
9579
7446
16048
5593
19817
17246
7312
10582
6294
17357
6933
12144
534
15288
9907
3639
2831
6799
696
353
11020
10192
13230
3896
5248
7888
17452
3082
14339
17885
1374
10280
18445
1127
3695
5471
7819
5954
4618
12141
1011
3273
14041
9463
282
8158
6272
10700
14672
6692
10112
13832
14110
5735
966
16704
13499
2468
6097
10145
5617
5723
13109
6481
9087
12332
3585
16812
19785
7429
14370
17776
10249
15618
13363
8024
2247
2596
16633
17497
16744
16643
8644
19752
19239
354
11244
14635
2534
6005
8834
11254
15811
7026
2192
574
19615
13
15633
298
3692
1141
17658
16605
15299
1242
3613
6382
4530
17201
11932
16090
10953
837
19699
2131
3153
6415
12450
14878
19773
15370
12019
11640
16949
3358
8543
13953
7800
3995
16320
18556
15430
10774
868
155
8573
4089
9813
4217
984
1932
4380
12940
13706
15942
11974
5450
13516
8638
942
9374
19101
11382
5721
9589
8459
19589
2020
9638
645
385
19614
7740
3266
19791
1629
19622
16875
18718
11884
6439
13221
14184
14814
10170
6417
18754
8096
9904
8553
12753
11890
11591
5900
5762
16455
3090
8890
9995
17207
2490
1228
17228
4085
18483
4786
11535
13602
10290
1044
1797
3831
1804
2632
16617
18022
7524
2009
18673
19906
6695
6600
4967
9823
14056
19391
16473
8790
3211
3431
10595
9697
18457
13392
17015
16867
6295
15478
7633
16103
9342
13019
18533
12619
19120
18753
1855
18460
19483
14039
7510
7337
12306
17084
6936
13764
12546
20014
3038
3301
1791
9246
12649
6547
7431
1040
13622
17311
5014
8719
11472
12783
8021
5792
4259
10928
8812
3060
17800
15634
12998
8715
2174
15733
19259
9747
19827
10733
12641
7710
19393
8873
11936
17740
15698
3258
596
15708
3753
14982
2894
16655
18016
4348
15186
15819
2017
1489
14713
910
17214
9715
9635
3478
124
2671
16438
7271
7476
5526
4378
15247
17427
2180
19155
13367
20110
13173
11159
14683
15374
1604
16418
1245
10412
3361
7794
3857
5514
6472
19877
7705
5190
18602
15542
15582
6028
9675
9015
15753
7826
4747
10858
19013
5393
3378
2035
12416
96
4435
13820
10388
7788
4278
7332
1487
16009
13338
9595
14494
5973
1877
10089
17641
16154
6453
8525
19148
8759
10164
1301
7820
15431
9652
10368
7141
8488
3764
9556
12184
5108
8177
7647
5594
11986
336
12886
5165
14246
17495
14388
6337
18194
14680
11332
14291
16947
14894
6176
5825
13115
11927
1315
2135
14242
19370
15818
1165
2911
18785
8274
6400
5359
13600
9344
18889
5226
14679
19514
7247
16362
11247
14771
647
6424
9755
15866
13178
9259
6186
13998
2207
2783
10287
19455
14137
19045
8337
15307
6634
10762
7437
14312
11653
9851
7346
10630
14225
6386
2545
40
11938
3497
5633
7834
15111
18241
18549
4310
15677
334
4531
18534
16695
12384
16954
19096
4711
6076
2969
19421
8275
11278
16710
9680
2832
2473
17816
4738
19073
814
14279
5174
2260
16375
17884
11224
9889
17529
19098
5498
14167
14917
10708
16870
13295
13984
17322
9165
2928
14239
16441
6682
8602
660
1254
11545
6385
3783
17133
10995
5409
1740
9159
4230
14537
10887
12534
8570
10253
3186
15646
8044
8757
14845
5045
1271
17432
15839
7531
3152
17615
3864
14531
2935
8245
14827
10334
13936
1727
18259
14371
228
1688
11594
5053
12965
15187
1411
4142
1717
15227
16093
15857
14215
14585
18087
9521
17243
5331
11060
6559
18585
17178
6891
463
9742
16194
13171
13158
7761
6207
10501
5634
14337
14991
932
9351
9173
18936
15410
4008
11611
19664
12795
3598
15085
4156
5782
12226
11433
7921
7210
6397
13320
19271
18260
18578
4742
16299
7094
1056
8779
1240
9009
18717
16165
19254
6387
3030
799
4166
2998
10574
6395
5743
3689
15922
19846
5880
13129
13150
9659
595
4209
10855
15263
19946
18924
17248
19918
4539
18697
8310
15721
12427
8451
16060
6406
14475
2190
10957
19029
8321
15364
5474
3380
3547
11797
11482
2514
8963
7037
4831
17174
10586
15946
15380
12216
9425
504
553
233
10124
19931
3385
796
19424
10789
11337
6889
11637
5876
273
19113
889
5886
9116
19345
15841
19488
11578
11320
17381
9130
19943
3354
14770
10689
4048
18931
14409
4761
9910
1221
16036
19183
11242
17438
2592
11922
15163
11236
2735
14213
6266
985
9735
18756
20080
9599
4886
1514
3747
10045
8125
10958
19957
18310
6497
13495
2341
4376
6659
6951
16654
10184
12527
13366
9258
11142
11628
17854
18409
9353
2937
593
4285
6262
4015
8682
5817
4498
3046
16614
2317
10841
13031
4741
9341
7494
4651
13196
12794
2508
5326
5280
15567
19083
8947
17531
10815
18591
2608
17955
7638
20131
8344
12519
347
19505
12799
11404
14416
12484
19724
7854
14678
18340
8700
13957
4771
15394
11040
11186
12015
1968
18640
11050
1783
977
6785
8995
7361
15604
16848
1526
18219
1701
11451
14143
18794
2682
15142
1836
19579
16384
828
15668
16931
2070
13059
17031
1654
1522
10154
